0.8397204240632901
0.8747012495630802
0.9008773349738484
0.9141498413762882
0.8608242562609082
0.8346459207722402
0.8511106277549411
0.9106650062337156
0.8878216042566931
0.9112487479652199
0.8246288776158714
0.8579930302881321
0.8777883865488959
0.8519646812076825
0.9181159881206328
0.8553099340536118
0.8913800954218436
0.8812454624347021
0.84592102176594
0.86098808245607
0.847701918805861
0.8658692044152367
0.8556563464134752
0.8570644461675105
0.83197123786022
0.8973190616665592
0.8518035438550646
0.8549411921522715
0.8379023391461607
0.8508769025602123
0.9271775242727612
0.8735540974480293
0.8720595386788466
0.8591307745279527
0.8967574287840132
0.8479227894302247
0.8396238851722819
0.8328015010774599
0.8553575510326997
0.8675791328197492
0.8203469798665115
0.8269989591192922
0.892527304735775
0.8458636700762096
0.8605463571136854
0.8447616771040126
0.8210689658545668
0.8320736509142984
0.8703643583047028
0.8671101532804449
0.8366613429086636
0.83754158138356
0.8597489991025369
0.832056534316868
0.8747029620301542
0.8828312363795675
0.9279936142337775
0.8709618059603063
0.8980590939286783
0.835024672102472
0.8583757334082054
0.8335071011842828
0.8724051988341333
0.8353281240804241
0.8561269965357934
0.8443433277927364
0.9925338321026379
0.8313948786583036
0.842136191325171
0.8210415589191427
0.9540886407993443
0.8498618936363047
0.8636448010351263
0.8926402293622985
0.8710613100204295
0.8540400135036532
0.852589756446176
0.8434044243976805
0.847820050888446
0.8403152768744482
0.8319702013060886
0.8716841337936224
0.9045938873079457
0.8740639163601231
0.8505687272761867
0.8534687944773287
0.8553803688314499
0.8317339103148554
0.8481477773478243
0.9058672083904824
0.9491746446778896
0.857685831825698
0.8396841214679317
0.9073249350098269
0.8550879777593469
0.8681723773212947
0.911250798766406
0.8345893269456112
0.849118332706019
0.8801166001464613
0.9199991256011506
0.8695743738515981
0.9084801719910538
0.875551394233593
0.8392556772153926
0.8897196195479945
0.8307908152178258
0.8293990947270838
0.8883683147834728
0.8168531500816505
0.8752661382438793
0.9278312729034341
0.8719832312376331
0.9169053953749755
0.8805826411840801
0.8334891905439366
0.8423420558371333
0.8363496513489556
0.9445974536513924
0.851329143407031
0.8258909027626876
0.8936004761335323
0.8332605727097483
0.8557393317434786
0.8200039169292472
0.8267442623784006
0.9020155217241866
0.872023202610176
0.8876578789275671
0.8546001392343474
0.8266387850740773
0.9007754421044758
0.9134285584775299
0.8486568867265919
0.856576535659137
0.8454141863418446
0.883477066259577
0.9050802476253411
0.8472606367830258
0.9403717340251017
0.8738002466143587
0.8419057443943809
0.8436696476383427
0.8663423851060729
0.8898557326233147
0.831454763689476
0.887897310158781
0.896612995232385
0.8874293200385518
0.8605811635198465
0.8527995433706235
0.8974036024919659
0.8469436256881586
0.8438770161717084
0.8974600728433506
0.8664817790319286
0.8822865925548324
0.8570714284949144
0.8476074592533847
0.87161064150254
0.8574817283559032
0.9180874772050515
0.8790013140303798
0.9318770955776322
0.8571934459471433
0.827604573054217
0.9073029127790034
0.8931863149462479
0.8946728698858415
0.8225228902568366
0.8286429433557502
0.879491380790132
0.8366843443792916
0.8663720602550096
0.8446235960138173
0.8437157648877648
0.869744978295365
0.8369613682530299
0.9112266001754938
0.937293123686878
0.8393926778317492
0.8722526917570574
0.8936685593381223
0.8442013477497283
0.8971796299688771
0.9001922621939921
0.8796492598944354
0.8678829113054267
0.8932071663560867
0.8557230624742792
0.9935783292094157
0.8473096636074201
0.8432838891585097
0.902742475399903
0.8556032013668264
0.8775312773736015
0.8614687812805709
0.8720658575442647
0.8461783368200605
0.8319333154830278
0.9067506792730973
0.8233996158390913
0.8329450257289033
0.8369397335805514
0.8327703177224656
0.8554312287329643
0.8761862207782076
0.8650705120729713
0.8462353797284262
0.8660743798521465
0.8394150698649093
0.8587599711746455
0.8752090465493942
0.87112173914143
0.8521703300281787
0.9264872420135669
0.8172595114466231
0.8686849905882508
0.8690389818554844
0.8556526682570051
0.8957477911423799
0.8639206607088806
0.8980655698948683
0.8440080066307112
0.8472802670439762
0.8360963717920096
0.8495757232232507
0.8711086382691573
0.8971808425041187
0.8385245138632421
0.8397389451360661
0.8450965611330481
0.8771511239904132
0.8472483736647544
0.853506441300867
0.8458713183378119
0.8263577937678698
0.8417753086749049
0.8601266180962974
0.8723338626213545
0.8714008707706493
0.8286469558280605
0.8431190588320174
0.8770558727028119
0.8317508603126236
0.8645078099481683
0.8623850504776839
0.8850404262051955
0.8272515482876377
0.8454649801562212
0.8393349712869165
0.8392851872353191
0.8443248368225985
0.9030428579878282
0.8317769617639835
0.8680547040871497
0.8942135594094037
0.9772770593161775
0.848116580480265
0.8483821427912687
0.8592176585258471
0.8574239079826241
0.8481279048161925
0.8668282439416559
0.8736841181230627
0.8962966211758749
0.9242770636726041
0.9154168865056922
0.8814688614168411
0.9106178003031017
0.9572137822964774
0.8641609323253091
0.8615835411881583
0.8884821542304503
0.8803664619382383
0.8726123401966219
0.8799908000970017
0.8947950518740568
0.8382411823497614
0.8668509007708767
0.9097320009446266
0.874544369281884
0.836696440938449
0.8891017476594771
0.8367202140618613
0.8335473916341745
0.88462739531512
0.9074464066497894
0.8756580215768937
0.8982291779873143
0.8364849760955739
0.8847771716240727
0.8623183006216696
0.9374022991839404
0.8191229931558737
0.8732112089694455
0.830159183929893
0.8627867426891074
0.8406689489421745
0.8428985558871257
0.8836353362344556
0.8922809665881398
0.8766060607951941
0.8628859548404301
0.8414495238131431
0.8731496988777784
0.8220041122266162
0.9024050031015716
0.8387105645067144
0.8553304878698842
0.8585632098726226
0.8463692256539123
0.8449439822274012
0.8588098405908667
0.8893145321430206
0.8598734143014295
0.860638062444009
0.8995839541907193
0.8958383398960839
0.875020824999999
0.8195402860008404
0.8857136949684832
0.8540339042686735
0.8636455836472603
0.8627992800222598
0.8423054912173366
0.8839030756463984
0.8469027348552921
0.8496877800203522
0.8710518095592708
0.871204716743147
0.8672153779307641
0.8692125397786996
0.8625552823566273
0.8540188309036444
0.8641286375001819
0.8867708554751111
0.8876697046688234
0.921941036946892
0.8958337578186434
0.9488858064123682
0.9282918936096513
0.8575019996395221
0.8426176996952379
0.8567036461181182
0.8574359129634989
0.8520861402725293
0.9144687953492847
0.8961941277135277
0.8336673669088299
0.8445894797522265
0.8915208723380245
0.852995375208085
0.8320570902344117
0.8572664591216145
0.8524433276003425
0.8225452618343798
0.8435957168285153
0.816910173576295
0.9382629280039043
0.8431066073071317
0.8595726127155688
0.8791464351331818
0.8981007439356844
0.8654355367326025
0.837116837266977
0.9114045511815544
0.8462232231522323
0.8242588699414048
0.8655812983778186
0.8385327313893451
0.8670393409727348
0.9220342774791092
0.8323748286995498
0.8781975864649147
0.8695925369347377
0.8567406764769246
0.827256712335344
0.8824314001863022
0.8261862390242
0.8330742329827634
0.9070070817158572
0.8308702877567297
0.8790518082172475
0.8714209727869111
0.8546899276016393
0.8691609924090615
0.893607576079593
0.9107278046235181
0.846405100020394
0.8228105692132179
0.8347820596437255
0.839324392315245
0.8496598456530776
0.8482905839920171
0.8884911354852862
0.8832907714224068
0.8225939590438811
0.8544838278913444
0.8251246622180589
0.8249897331359652
0.8661005676299501
0.8954420450575913
0.9259641220390483
0.8435839180554491
0.8547912923307037
0.8323484694766078
0.8318657779973546
0.8458141964717005
0.8466445044385557
0.9007065275078779
0.8809527069756032
0.8678951875792167
0.8319883685481496
0.8912196871592155
0.8419690167893336
0.8910717384874088
0.8491897975625802
0.8416000032244897
0.9409709287096484
0.825516557542882
0.872667708672371
0.8767741491742925
0.8609682288241347
0.8652885571127584
0.9079705497550798
0.8702250861099711
0.913737475260077
0.8688435647080806
0.8729865286951963
0.8647430655855836
0.844601240929576
0.86570879077581
0.8759162146640876
0.8404173566215216
0.8299395742238433
0.8199161762573111
0.8574159213018712
0.9080131742476144
0.8264922003186168
0.8606210148602524
0.8699915329808171
0.864581757473381
0.9120352540299262
0.8385328597252973
0.8542815452291457
0.8734057659753898
0.8985510763165557
0.8659712241537905
0.8695059070098659
0.8610566815007225
0.8351642286594296
0.891241237254381
0.8512654306177534
0.8771047161955663
0.8751669904639102
0.8572591802769931
0.8409750368800455
0.8557598523059008
0.834560242411349
0.8726754514752596
0.8739284166508612
0.8200997052715692
0.8656948340914665
0.8655381033720849
0.8994790350120937
0.8756799100962717
0.8528584320302489
0.8631078803281278
0.85683886116359
0.8972305400574222
0.8760384756991157
0.9278655867258433
0.8662675507563987
0.8378944515421476
0.8521178932698501
0.853948595480975
0.8654048196079676
0.858576358647843
0.8560965572334007
0.8237757523055853
0.8467543520363507
0.8681788221410099
0.8253149739825859
0.8441153420182038
0.8513172684653623
0.8874260902596706
0.8641593775999798
0.8963218268549091
0.8812683773455582
0.8735735196651456
0.8880488176670859
0.8824690357109538
0.8601293779426706
0.8501914631075522
0.8811160785142161
0.8788143970020782
0.8287149083398225
0.8275660943892821
0.8469081150375135
0.8403401065026189
0.821764021811692
0.8913948697619608
0.8607228957041494
0.8520309382173495
0.8215966960719783
0.8606343069150177
0.8488688861954532
0.835554076557406
0.8415204795745812
0.8613207489800961
0.8618822496441005
0.8759804317674966
0.8409328342152836
0.829170633857489
0.850958078832419
0.8610132638433428
0.8822734727213833
0.822655930764874
0.8768695763786704
0.9482858811717417
0.8351586211221145
0.9068518899841093
0.8818907914728445
0.8742209360329339
0.8569442610470569
0.9505957340265816
0.8246923816793822
0.8538985174456811
0.8578230720768768
0.9222710884436679
0.9380982213004239
0.9126093453404132
0.8509256856925469
0.8715400613826924
0.8698678919758279
0.8400716081930001
0.8990938492172663
0.8563255986607516
0.8626109641303661
0.8321563930691375
0.8450851596175102
0.862503912123066
0.8644337115399295
0.8436587974470555
0.8253094157576719
0.98177429571264
0.8445767755174927
0.8657828505366744
0.8882322648351414
0.8700523003846541
0.8607076507913722
0.8275855095898447
0.8997318205719101
0.8392204441421668
0.8764557378678275
0.9094472320898892
0.8626813104123585
0.921212117768442
0.9138127350125521
0.8987471627094539
0.8803284860336047
0.8790446746376921
0.8866490478194324
0.8355351944928847
0.9189636681878701
0.8892236883983202
0.8843803887401382
0.8648988830282256
0.9004049403740509
0.8258419493861485
0.8236690214830825
0.8537027737085537
0.8349291577559815
0.8558129760043348
0.8404301069791335
0.9363955832006275
0.893293250755107
0.8374325008037606
0.8760627197439527
0.8752976620973159
0.849445530659897
0.8439992038105067
0.9112537887212125
0.8391510357696811
0.874814180764652
0.846112400719909
0.828688458208053
0.8718776065449375
0.8450494460898621
0.9229898679128445
0.8703623183218873
0.8608965369192936
0.954804478693967
0.8658991039915253
0.9565485834062775
0.8449974315060198
0.889404133102451
0.8965494234139589
0.826478191112786
0.8766754203023402
0.82670714668598
0.8936855548572294
0.9308011415574214
0.8479770586461263
0.8118285140409822
0.8477483444659736
0.8522686398057956
0.8638922761279602
0.8817351473282323
0.8667607305583204
0.8468876116795017
0.8730820143710631
0.8760973109724239
0.8702097798355757
0.885181862640073
0.881543194076856
0.8386540328551723
0.9210423729972979
0.8431328900563678
0.9165210267576314
0.856724298403139
0.8316829083431123
0.9692433053041285
0.8704772428063294
0.9443529329302278
0.8503508011852445
0.9219812236395271
0.9357241516921343
0.8934237751818095
0.8418014367084045
0.8462735311198873
0.8576984142860743
0.8742906240655414
0.8317726616232975
0.8388691393046556
0.828313826484833
0.8484011899154508
0.871305721698013
0.9108749814273143
0.8654946384584834
0.8884874196601078
0.8549900563404028
0.8610963146391339
0.8180383480794554
0.8328409214039554
0.8739519905201691
0.8535081238310589
0.8562851476539961
0.8592323502175402
0.8686222470821727
0.8503269469956647
0.8742041995821743
0.9286900132712144
0.8465211091355982
0.9386309210837793
0.8805973399953225
0.8487970869317637
0.8190379450051736
0.8397696433345108
0.8583089171929988
0.8810919639912276
1.0255644234135552
0.8685419245507702
0.8483601469433958
0.8171283880876943
0.849547063530352
0.8812014094103356
0.8669876399699048
0.8695205753743579
0.8635278714780755
0.8615631236279181
0.864348145545284
0.8232111995400762
0.9285864295987364
0.8595422435407649
0.8929927226947549
0.8643428871644447
0.8477021262222801
0.8808059218348178
0.8380169497757473
0.8591250843628058
0.8679864790037883
0.8575722858855936
0.849763651141398
0.8357730695044354
0.8792906993704781
0.8167587422040902
0.8497261192463499
0.8832516459062122
0.8885119525951961
0.8164281429251093
0.8987409734962327
0.8451787396827798
0.8644443302519126
0.8600326226861873
0.8684829365386842
0.9284059850235824
0.8777295538755905
0.8319130804238117
0.8641615608888383
0.8377188760351731
0.8560182907937673
0.82658980513512
0.8771726838798857
0.8790648916612459
0.8437062716538355
0.9275988078057329
0.8650152021050009
0.9194373884341219
0.8316897887692707
0.8431433381584074
0.8241968485281032
0.8284535074001533
0.8744500712483201
0.8326605346436692
0.8655130340756982
0.8680694329597272
0.8832716525392618
0.90443518677447
0.8652235543006809
0.8625869431802436
0.8745495963362352
0.8858597025467079
0.8809968042592099
0.8620027640202111
0.8423546272340072
0.8382676356185974
0.8412337924616358
0.8715133250256727
0.8586052158744106
0.9169624931328694
0.8079055878677943
0.8288158018590027
0.841764208559321
0.878369291531302
0.8624299669195433
0.8687625143646912
0.8469209657896541
0.9010887114197744
0.8340434675523606
0.8446761177689842
0.8662161350603259
0.8256044898678216
0.8794553013570418
0.8914633930820799
0.830939682091412
0.8651132180923118
0.8863456610252421
0.840175998382263
0.8548907441001837
0.8766624415448387
0.8628111431569273
0.8317107653045654
0.825960212543853
0.8437694240182743
0.8607919626553651
0.8757979885241322
0.8630622992448098
0.9215211969143279
0.8545309144534449
0.867073809816587
0.8672344107101381
0.8220309267726756
0.8611010069419006
0.8630378895798886
0.8308795694612667
0.9050195514230114
0.8876376735467947
0.8959473007917245
0.8373504474303223
0.8360197950157469
0.8510396257218292
0.8878773745125879
0.8881911384928189
0.8357828374422303
0.8784304129392739
0.8886724670039743
0.888945524326258
0.8339893378679823
0.8407806624740631
0.8681119773145524
0.8437016985631032
0.8788025506942945
0.8481780392418449
0.8501593714519504
0.8475281152972001
0.8882867412482092
0.8554398710268265
0.8705833415766243
0.8292778598441257
0.8297369208814434
0.8811448072095247
0.8764303342812226
0.8365549137665741
0.8786459324826188
0.8342193451510946
0.8841486092720865
0.8406334033478955
0.8352420786806978
0.88406190184351
0.8744674466086428
0.9596558955293355
0.8645373811011465
0.8580930476301412
0.8564392394103287
0.8422213726181355
0.8656080837944037
0.8873428889473735
0.8553159737699136
0.8373261822003084
0.8549294998833402
0.8848234300194677
0.9500885574651309
0.8128220274412779
0.8727426603637053
0.9461679258469836
0.8509952795970266
0.9074806400379362
0.8615816009921957
0.8774409174006519
0.8481952301523817
0.8488985835570042
0.8753713676056555
0.8180905165624187
0.8342003809813255
0.843205173173013
0.8484591196282942
0.8825725842180298
0.8479859718306652
0.8572129602572282
0.92885757695622
0.9368313726041394
0.8241656746532727
0.857046610576268
0.8371995700640548
0.8583662560750311
0.8563062028748508
0.871988710680193
0.8150066845560004
0.8703229065596512
0.8594341650019017
0.8674992954729752
0.9046553646625467
0.8761894587422209
0.8553739443614359
0.8346793067309342
0.9543801768415059
0.8852032411076076
0.8409114160363235
0.854754052169465
0.9010788146214317
0.9177483022004597
0.9285720309045653
0.8504038052111933
0.9190326275883148
0.8775465473635128
0.8870102571031023
0.9554814966492172
0.8424446138904728
0.8646991651792845
0.8678203930868562
0.8590167035732077
0.8825901475310719
0.8604829270269893
0.8776612140840923
0.8547615729973004
0.8773899527666135
0.8750630963714249
0.8596318738002929
0.8209371118070616
0.8306268643929933
0.8521213656126482
0.8377976507852186
0.8487231016888146
0.8780422848467494
0.8477856881899659
0.8960783631926748
0.8480813921353122
0.8538997684888823
0.882014897395362
0.8957673029659676
0.872356052046715
0.8701633648879252
0.8339363125697513
0.873409654650185
0.8643234275198474
0.8762191691946605
0.8384662375687312
0.8843401838930587
0.871992217703932
0.8703558040809201
0.8324241082493194
0.8391407852239297
0.8518046625104512
0.8396252315414406
0.8668133024646967
0.900239346803627
0.8822323442005133
0.840933363682267
0.8614410532160889
0.946834828835891
0.8824428368380104
0.8859444737890182
0.8771145629207049
0.9073946973809313
0.8317815904833775
0.859174711886431
0.8381642633452129
0.8355508174997067
0.9002295924110558
0.8757284370526573
0.8920053357578146
0.8431424384861811
0.8988872206782605
0.8398503123843104
0.8231397943752533
0.8633565403460888
0.866061757285937
0.8705526611354655
0.8560874448233015
0.9010321841012825
0.9150034804484225
0.8793932143199924
0.8671252313446579
0.8244154073428905
0.8829799358787775
0.8564466325428722
0.9065404017114722
0.8206571370725267
0.8446772803299107
0.8530933140236804
0.8531582593177753
0.8465515589524968
0.8210016952217775
0.8837439783631309
0.8411988010642625
0.8816069829147661
0.8708426364498544
0.8688735160563154
0.8718987061900035
0.8551923667872956
0.8583957539663809
0.8698450032204454
0.8678173132437493
0.8814884041271617
0.8498707295432942
0.8379829567094305
0.8606730088318093
0.8542233477217851
0.8742970765713225
0.8329199307484071
0.8785190568830813
0.9372820391454788
0.865362765803148
0.9232527303348192
0.8725332132960858
0.8402746878028757
0.8682308025927531
0.8823854024763017
0.8823171698417744
0.9003010235361718
0.8588024069181819
0.8355347967237742
0.8852049256774166
0.8637092654122686
0.8395183734044387
0.8437900582876352
0.9253432831883713
0.9006209528289176
0.8608727020709712
0.8450481909802914
0.8583588831211258
0.8888070507603545
0.8574929222490236
0.8485844065157347
0.8428737674814579
0.8865159162761994
0.8732590431084862
0.8553180510309224
0.8755620920170948
0.8367701727077657
0.9654542636813492
0.8404626132947048
0.8923191906814486
0.8894237592716143
0.8289823654007452
0.8550098074028423
0.9056344168425371
0.8478000748195427
0.8292446188937552
0.8846174267793724
0.8932830347775377
0.8349492721723277
0.8487378163224886
0.8901050544186784
0.87479966345447
0.8364829341093445
0.8471489037055697
0.8825595954188163
0.8896820686990827
0.8579401201670378
0.8642887571715925
0.8565252131890976
0.8663678588445546
0.8938458956999091
0.9248657176147941
0.8210435489265808
0.835830182873245
0.8296819956646893
0.8572106407014731
0.8696123120659123
0.8751815474157416
0.9094394261470328
0.8951922659496047
0.8748235786477193
0.8494732730634359
0.9773863047012342
0.904971264749737
0.8564604802172012
0.8592884834833218
0.8245991804080584
0.8656634987277181
0.8483611339307108
0.8692720310267906
0.8606097394332858
0.8371292476220203
0.8890529912076588
0.863003289459473
0.8373181248227309
0.8276158108576949
0.8811450869810663
0.8348774816564561
0.8875215974530322
0.8513246407724273
0.8610966645769673
0.8708094415503607
0.8474725541533196
0.8645923691895718
0.8800498351205487
0.8796729455808042
0.8450211186248102
0.8479375539882076
0.8595648169845964
0.8268433073109422
0.8138021285725673
0.8617645769686386
0.8738109172951012
0.8959158339778422
0.8198437228530013
0.827431115592534
0.925191010165154
0.8449702735649806
0.8897927561037705
0.8419713316515326
0.9065829565971195
0.885402618961183
0.8303627187594349
0.8434968545766418
0.8705450646497666
0.846484877952274
0.8521071559716935
0.8868352468893325
0.8655384692225454
0.8489410232617558
0.8511714151538124
0.9165764052164135
0.9187992414750732
0.8497463008651228
0.8511266952711399
0.8936531243334093
0.8488577412941938
0.8549794326178061
0.8625173411892207
0.8789595325144048
0.82662334762398
0.8711534862052777
0.8188562743570357
0.8360333137409341
0.8490925861903413
0.8604939167424487
0.8564964784398411
0.8201593338814185
0.8485407683615386
0.8819909371910851
0.8279116445827207
0.8511167124346165
0.8475931105595275
0.8845981053800197
0.9180852554695904
0.8701519288257351
0.8691990643970997
0.8894033736509454
0.965302494052687
0.9218487581305105
0.8732321658130878
0.8595880414764943
0.8872943503981653
0.8373670683012882
0.8277785117904302
0.8988079958002381
0.8389313274161998
0.8604968312274829
0.90830483541324
0.8728356794457138
0.9011011376582058
0.842773042670464
0.9182803806154303
0.8463629648918761
0.8834966688312837
0.8459197145057543
0.8280324212831972
0.8487792669713079
0.9008605636108179
0.8202261410203299
0.8641960680175905
0.9022159237278885
0.8562180780255977
0.8857468388279878
0.8320164544741685
0.838688658043005
0.8595182998184683
0.8518855953985304
0.8613248529337049
0.8889606963933366
0.922839156543488
0.8295541927045236
0.8955841317355717
0.9572384500132628
0.8474361574636747
0.8787870748021867
0.875178835909076
0.8504646400289245
0.9081431176664856
0.850519025127387
0.8498148003866606
0.8327708623571434
0.8824187346451752
0.8477456900937466
0.8649882168776202
0.9189491210247447
0.8336940065206229
0.8758728069057737
0.8533663772902422
0.8628849186011013
0.8548635512104271
0.8984853446642104
0.8502683214663386
0.8567312679385874
0.8654686649078321
0.8521746073577025
0.8435814489856768
0.8688498922924844
0.8746508177110074
0.8402276082996822
0.9104572152131646
0.884858232637549
0.8956391801655927
0.8832783161396125
0.8556676286396003
0.847886058721647
0.8862157299974144
0.8316312521246645
0.8398707337313316
0.8935797329506746
0.906527394602862
0.9200632770480746
0.8986562701734069
0.8405019052279141
0.9055053741509482
0.8645725628561447
0.9070578431460883
0.8552322592559918
0.8903684699335038
0.879782612091082
0.9046990835462215
0.8697140362809997
0.8475623412924609
0.8898359868557465
0.8604763081136227
0.858739731966757
0.9530125375332744
0.8246230855115603
0.8487483102145251
0.879438030117075
0.9002740000152616
0.9579641247496645
0.9195775240063655
0.8680316760862243
0.8547702063231692
0.8431949435225975
0.9034623560051244
0.839960226192378
0.8704644049901837
0.8418806150463017
0.8757699016204523
0.8712544834414749
0.8222663953328795
0.8406637096753553
0.8577509897064558
0.9044049843301029
0.8716460637298793
0.9239197733383656
0.8186240096425913
0.8553337084169074
0.8597855912674407
0.8538384252170943
0.8510934472269077
0.8767358585070525
0.892877921029492
0.8909146146020993
0.9075917909637796
0.8514407334818358
0.8685015583678417
0.8314876418906246
0.9084614126529528
0.8665932839525268
0.852623526706703
0.8534808544219064
0.8799552190472831
0.8261761740835039
0.8653882808660719
0.8529853359378032
0.9046084890756678
0.8654255382765869
0.8640364715504678
0.869082642350971
0.8658996878682713
0.8535087672186298
0.8396215260402989
0.8558397140873675
0.8455922593972285
0.8520281139749534
0.8610734329178256
0.8282214498796591
0.843636355670453
0.8255871453633387
0.9117418373723409
0.8161682638571998
0.8922796099094302
0.839582057317412
0.8578130939545376
0.8675507708214831
0.8601976138589763
0.8611390374141399
0.9073527685662262
0.9168528108838784
0.8375951696602344
0.8572048269757435
0.87235222919837
0.8825618284066141
0.8767032810721426
0.8605166125515482
0.8299883358129891
0.8736285273103039
0.8925840732049135
0.914381228572573
0.8500269958618468
0.8539310633997932
0.8168222663277857
0.9320247084941965
0.8654764220041724
0.8233350732561914
0.8329937637177852
0.8390933070718236
0.8481031685057018
0.8225464968362309
0.8357705662950541
0.85794787238473
0.830385957405236
0.8266905383831123
0.867426238408984
0.8729744266677193
0.8291011179752388
0.8757276039010664
0.920256006601293
0.843950278571614
0.861697033671702
0.8317822544696564
0.8864106824883048
0.8706407805652111
0.858077226304244
0.8552741198879972
0.8628457139324162
0.8378854278150235
0.8750079458606805
0.8192538586110029
0.8359755083904228
0.8542415088211025
0.8744154386277234
0.8740527320161515
0.8599184778175187
0.8994506872047913
0.844498068992758
0.8630660757755173
0.9060385178708392
0.8629665601281191
0.8791325554550667
0.8473712941766671
0.8632518672373363
0.8532219068133466
0.8625097744055169
0.8522022758439081
0.8270897658161855
0.8513059714854053
0.8487346102285567
0.8146502412088392
0.8422057367010238
0.8751307166319519
0.8582265648165398
0.8628569207204314
0.8686606815599959
0.8672206406647348
0.897995223896727
0.8463374156431203
0.8519790106803412
0.8646653160994737
0.8386040802563889
0.9026030835018348
0.8924247553828459
0.8821975486734299
0.891568946376592
0.8463839730040797
0.8385255641315913
0.8788096827255332
0.9110783457426226
0.8533235552125678
0.8664594408825431
0.8728617677606766
0.8216064542247762
0.8652032605967926
0.8472238011152321
0.8500915207051141
0.871410582815721
0.8616438777498584
0.8601813844508559
0.8683278179864026
0.853042708375377
0.8631161339608534
0.9286286356385407
0.857964075073466
0.8408414564822283
0.9179155463992874
0.8815619750212376
0.8649822403681218
0.8723136300027811
0.821387542771283
0.8751155655688329
0.8796834852178405
0.8844755235709099
0.8747688441838468
0.8329840961192199
0.8523459201529886
0.8766857075955139
0.905208141807627
0.873969296715963
0.9206826256382498
0.9206927439824293
0.8383598346820657
0.8258701626681485
0.8513153326590854
0.8596649403305687
0.884885493893696
0.8816423297879561
0.8586686879629316
0.8695378266461583
0.8853688441349924
0.8669761323561196
0.8479756710349411
0.8549172126088966
0.8346207832726487
0.906257694248602
0.8233427531666788
0.9235006985673135
0.8445880877249824
0.8790405916856087
0.9274283830045618
0.8266688179004276
0.8679011282963208
0.8345530171122013
0.8360641078441423
0.8279118299688274
0.8900925009196526
0.8541474509742326
0.8561478511278107
0.8975546663647006
0.8700205185297043
0.845689371078424
0.8992607232203859
0.9060640270798439
0.844982295162212
0.8332786070610292
0.8601347657471381
0.8938474934767002
0.8622941383090775
0.9003214982128033
0.8482505796848366
0.844614720593407
0.8879037487458824
0.8523100171708322
0.8519278903088283
0.8305510742731261
0.8580551459380836
0.8329508602983628
0.868408178481361
0.9647465289177476
0.8697740470682345
0.8645111341509542
0.8240206864723051
0.8824324250582573
0.8702026336296905
0.9057283982948465
0.8566153307013348
0.883330404527689
0.8893895236482162
0.8411233287435539
0.864005425664032
0.8420397413305033
0.9150333979250735
0.8554786148613565
0.8337535707555715
0.8673197175131615
0.8546221873757104
0.8814071130550956
0.8386988671426492
0.8597803381719121
0.875517270249826
0.8291413772359199
0.8164930218117664
0.8609898362200099
0.8666076266872962
0.8721348527609466
0.8242964786867892
0.8482600751756973
0.8248256965410359
0.8357580455470942
0.8351742002398423
0.8321576992865257
0.8466215186693494
0.8385787118471772
0.8758883221694763
0.8165033259526575
0.8689093969349871
0.8383403352149268
0.8545433512778273
0.9269330542953942
0.8835936131253901
0.8243680998702164
0.8660944185071574
0.8628329390021605
0.8699078767788069
0.8363540158021983
0.8318508746913192
0.9025903283862409
0.8321007181625089
0.8699316342462112
0.8555658653404401
0.8881857003374097
0.8739127502474731
0.8421807900487888
0.8685173850460794
0.8897373611471138
0.8791439352386744
0.8633572022570537
0.833990450421723
0.8411448933489215
0.8404227087102045
0.865426475788181
0.8198052024874809
0.8639310330849239
0.8526030692428969
0.8483506171179017
0.9115203505631944
0.8880263996434237
0.8725833677842033
0.8746984092715537
0.8489457472913804
0.8255034933623038
0.8304280947618008
0.8441701397771989
0.8660877117555672
0.8422315637972546
0.9403075095479567
0.8278174275928724
0.9057663079676768
0.8620428437868013
0.8479919865774422
0.9539946945012536
0.8812222817653381
0.8517218557761663
0.8518198511433164
0.8785190191611015
0.83629998204991
0.9052359607300426
0.8832596190054969
0.8851009561637263
0.8488450608765024
0.8610448245421144
0.8680746038046806
0.8614199016339705
