0.9267330965586725
0.9063801271724494
0.9332157873968905
0.9290620304879011
0.941086791909691
0.9237276460882426
0.9186376441135908
0.9871843063905812
0.9226264747521248
0.9342925432153472
0.9423383011508413
0.9174836149596616
0.9119603343006262
0.9410414203724237
0.9185438564301279
0.9009788372956282
0.9409215535601629
0.9517821544609697
0.8989320226093175
0.8888423706640096
0.9373011424562621
0.9538013455438972
0.9282636858401331
0.9431790731964778
0.9392789898980686
0.9045392859480622
0.965308746512736
0.9175710699465228
0.9242311424871048
0.9110953191404997
0.9157423279468787
0.9456831267507259
0.9431536940468046
0.8991576299711331
0.9080199580921108
0.9061628950020844
0.8956091324259875
0.9141549657108015
0.8982604066064361
0.9273819493839434
0.9200180485057833
0.9127085534748659
0.9118528853310629
0.9155075144455949
0.9193787968366548
0.8991996357505645
0.9357427980365519
0.9590803067470698
0.8977643454461762
0.9441478920277028
0.9209797491883306
0.9027736028801754
0.955032192293147
0.9264382534835895
0.9213123312974779
0.908735361667137
0.9591820614480427
0.8938388416626637
0.9153368927624669
0.9211272053614447
0.9155701283400939
0.9271678210636168
0.9041721485259274
0.9370337824286706
0.975114036917889
0.8867086874221912
0.8978732260692208
0.914712730957135
0.9395615324911588
0.8985108205302872
0.943381566226156
0.9313415301557717
0.9141410248761134
0.8954030019798861
0.9429315265416035
0.8985301187701238
0.9025305747002574
0.9159099565939078
0.9418614973578908
0.9046620015945301
0.9048253290331835
0.8943125921146051
0.9230732002598266
0.9129868513478417
0.9928164221134144
0.9095784924209869
0.9678734445927848
0.9325581860699678
0.907778218599637
0.917375064609391
0.9107270383932382
0.9110209087097111
0.9109698337304735
0.9042532178727936
0.901115246887517
0.9265704027516677
0.9303184863683268
0.9096659307346977
0.9190708485258245
0.9242981271731547
0.9028194181097878
0.9194183235578223
0.9001314961485286
0.970094981579654
0.9488643894248106
0.92830074801832
0.9628342030002125
0.9101497495153845
0.9387364024836454
0.9539097774647365
0.9439752397827821
0.9589106872704136
0.9317552416201514
0.9032551798988487
0.9331778153678794
0.9134866617047996
0.9908420380456503
0.9105308910646454
0.9458118075349001
0.9074089802833736
0.9218851834976575
0.8948308100140439
0.9148705730243171
0.9746925245380295
0.9209092543045301
0.8964061368449993
0.9201489300100897
0.9383574457497099
0.9096783210033471
0.8975973767087702
0.9050227366880067
0.9341782750328721
0.9143659038098181
0.9924383005782593
0.9399658020050127
1.045265860291377
0.9850040408014608
0.9186820454577573
0.8838247028389287
0.9122911192330905
0.9059343508933513
0.9258576083554652
0.9257932305813051
0.9110240746920395
0.9014662225793295
0.9106675714160751
0.9203501371253061
0.9320533518440822
0.9058894780756892
0.9553846105685369
0.9100180601856662
0.9336842298576244
0.8971545485573613
0.9002813618598642
0.9384814488351428
0.9022722883857196
0.929202284837751
0.9124150644029464
0.9136798165178527
0.9172254933892291
0.9047527172721015
0.917663314259544
0.9349032038576803
0.9221252955829221
0.9130223760385834
0.9136411332798264
0.9289296168471092
0.9344979719434169
0.9245598631973196
0.8927165885511462
0.9543718601720299
0.9188321931284973
0.9193320328153203
0.9054860703326938
0.926402182499517
0.9868932874037821
0.9574037037788932
0.9306370526751128
0.9645957710587897
0.9143258027787735
0.9336444846369215
0.9282483911468609
0.9515894709265448
0.9174823756382781
0.9066710779262815
0.8840213909016236
0.9545804099534172
0.9204038741580901
0.9391729992027388
0.942020915659447
0.9391678660958098
0.9488163699071845
0.916320078874667
0.9389389688930593
0.8898026744543663
0.9064303139533721
0.9076987248422339
0.925998945822729
0.9511892184290671
0.9346867839216408
0.9073589405196338
0.916669734978879
0.9290364511633658
0.9029844774520379
0.9089241651943545
0.91963132231987
0.9467253713255709
0.90977274649719
0.9014754882488167
0.951103701392217
0.8953676470677124
0.9449260157265511
0.9176722635617188
0.9316653508755517
0.9203369969741619
0.9638455361092485
0.9071046656921665
0.9096150348581293
0.9184488201151707
0.9142293301616784
0.9177677090606468
0.9312100151410475
0.9914193933021853
0.9291315195724946
0.9739592787871545
0.8977264475325686
0.9157114485005485
0.9406887064582673
0.9128177635213561
0.9196658408399607
0.9040415417403443
0.9296752994584472
0.923633399519507
0.9523100032288221
0.9194853119158666
0.9230570755701755
0.9084394898629848
0.9343761813708867
0.9200868742033553
0.9135066637727237
0.8942660826075092
0.9097508078523437
0.9027974542113125
0.9092281207361471
0.9311245066559883
0.9113085192763443
0.9382305922968173
0.9601146012599949
0.904517485207294
0.8945179159233266
0.9041967538799635
0.8951547016121687
0.922823940606499
0.9391882967745978
0.9562480925739093
0.9562709333385532
0.9060757694195422
0.9613331857249928
0.896919317141431
0.9703427457278921
0.9147591741076572
0.9237682196546406
0.909323099605131
0.9149444752865602
0.9222425884034366
0.9136170004623552
0.9566478176461193
0.9469919498767291
0.916898617538964
0.9503767010840999
0.9339328897678207
0.931830452338146
0.9497811713833176
0.9238807344910428
0.9495550086451646
0.9410997318206271
0.9286614875937186
0.9027187068233005
0.9171326523727591
0.9565751785163957
0.9226015845158054
0.902454506341463
0.9181277495716648
0.941440704397666
0.898892980946117
0.9127737542397726
0.9068192416222041
0.9109058496661657
0.8887602222428749
0.9289034090091113
0.9338206469091033
0.92600289335819
0.9081413129085792
0.9061188595842428
0.8889074522717115
0.9230135349968789
0.918935245043309
0.9609074503841057
0.9433757204691745
0.9743539280483989
0.8850246898596035
0.912438252193894
0.9261437901715969
0.9514131463598204
0.9035280444750157
1.0006845093370256
0.9168822579155905
0.9346460055034002
0.9043285777336101
0.9253343494059929
0.9409944008810158
0.9227977537686054
0.9585920070179602
0.8960507304429367
0.924502061641214
0.947871598564776
0.9370344293925673
0.896497653321794
0.9085397475369994
0.930356841451288
0.9468394331836127
0.8986194239552208
0.9448533437368364
0.9063285492547617
0.9443014495825482
0.911582298128718
0.9097510330135427
0.9201251986106818
0.9262689625619086
0.9192939464403563
0.9283514385483016
0.9559297101464304
0.9470275827646961
0.9240018801036289
0.9762813345637573
0.9509378028090674
0.9264775170776691
0.9067642867070632
0.9219952645173844
0.9419610971845487
0.9141176444812813
0.9048833845998902
0.9113193349523564
0.8846311126371981
0.9343558721897074
0.9249612196906588
0.9081964424217264
0.9149757912054434
0.9058286551226177
0.9237691004343211
0.8968020020740124
0.900746586976446
0.9124280162398425
0.9384841273264768
0.9246813790442765
0.9198459684472974
0.9543628091027017
0.9347448372951919
0.9033943622842387
0.9019925047197798
0.9826294953503684
0.9053547115602991
0.9317991349254234
0.9195593141982119
0.9322434484583343
0.9417345344755457
0.925459599717007
0.9538965644079888
0.9270454969473805
0.9583756413729001
0.9741733255510056
0.9509105000285896
0.9166547553691567
0.9392216691613476
0.9040713725578434
0.935308185646636
0.8983217887748491
0.9540751242164864
0.9363014942309584
0.9684806510595994
0.9751649690701378
1.0048705406169702
0.9175782457024052
0.9017947462450663
0.9340319935631844
0.8814290351911592
0.9469308464212174
0.9449191165933235
0.9527158372594873
0.9123335364522336
0.9059967549675481
0.9331993996649514
0.9648453450414444
0.9165447341030928
0.9355644590855887
0.9346763917273814
0.9112484357457489
0.9241496775776484
0.9243248846326122
0.9284628315915874
0.9386272260180981
0.9013654936118797
0.9396827554726878
0.9368830782687687
0.921252671862618
0.9316331101259097
0.8997365993257165
0.9371985931610151
0.91785834803225
0.8988026507568103
0.9604159546491484
0.9971865901385824
0.9552776944589282
0.9036717890984285
0.9301238129797245
0.9254703096752506
0.9375740333195104
0.9793327526386261
0.918973071882036
0.9411955155666732
0.9317467494116478
0.8858893030236734
0.953307538113459
0.9416674466516898
0.9468984459851714
0.9342450425785452
0.8946839121264881
0.9421523032077215
0.9187225364066085
0.929911038019931
0.9432990374232659
0.8979738842870811
0.8963813801746499
0.906500963446741
0.9261297535140991
0.9727369097831221
0.9177229058979447
0.902563602909199
0.9094593924464549
0.9015354970185849
0.9051415264064321
0.915398167114261
0.9439225067753615
0.916817012579881
0.8796291949171424
0.9333147998992865
0.9131304534456752
0.9270554413081487
0.9030692398235644
0.9747218209773074
0.8978935879452296
0.9347713046804549
0.9020453165253726
0.914261379256956
0.9528260776067647
0.9059844061090214
0.9300295200888202
0.9602905548360201
0.9130834796044126
0.9382071559430736
0.9101328233674312
0.8958514146020794
0.9253177152333671
0.8938996003203006
0.9220640301158083
0.9202605942979594
0.8928229695207907
0.9500607493735439
0.9700731037041392
0.915041488722865
0.9238052147651536
0.9069487729583243
0.9100481840737156
0.9533079490164327
0.8939705500639952
0.9087825931387312
0.9483942402451019
0.9248182381218115
0.9271480905496223
0.907224034918482
0.9023937659558057
0.9182515863014655
0.8945458453151627
0.9158544353478296
0.957287626113575
0.9040149151337143
0.945955979951661
0.908875063877793
0.9403405472917186
0.9194962300717405
0.9287072738483455
0.9128611614993117
0.939917776272622
0.9236435196546156
0.9282983188979973
0.8992807427634198
0.8817415195827981
0.89144663342146
0.8897588876049894
0.9887365398195608
0.8995378570496531
0.9126960994891727
0.9452082610140645
0.9175192391178256
1.0048320375348252
0.906762128535162
0.9102101590117564
0.9247408126674002
0.9711494383218946
0.9147857424605729
0.9142314958132342
0.9182060905663231
0.982854763153704
0.9515210885863047
0.9312983681755523
0.9282856419976436
0.9274850734948852
0.909722101580912
0.9032692962983221
0.9365426979028718
0.9475799535686871
0.9314027379795681
0.9629919857622632
0.9320215307650488
0.9082619812177
0.9484539974936438
0.941876501004493
0.9139606379157021
0.9534671066390472
0.9213012566995776
0.9017707934075591
0.9638818363064382
0.9066170958231776
0.9323466575625954
0.9133870226183635
0.935124076045707
0.9220387192183885
0.9332399381826377
0.8968827284234291
0.9147316316871192
0.9084176055902681
0.9033225843390426
0.9159367828783456
0.91094999450986
0.9281237342869788
0.9614966721079495
0.9125320022053139
0.9038176915388596
0.901236277910995
0.912546337337408
0.8979023719377198
0.9245691380051105
0.934223917677477
0.899566499936012
0.9173622770451411
0.922991275038891
0.9412794040979927
0.9548344080245719
0.9222649900001177
0.9660800583300881
0.9041668612981932
0.9009816509897635
0.9310135976833193
0.95651605829738
0.898420866045164
0.9047171471796832
0.9677008512470252
0.9368585439614769
1.0029404183790251
0.9320715691019079
0.9560321378885498
0.9508962841665984
0.9192245279223922
0.9113777911714033
0.9252928103070461
0.9108195725922825
0.9077331586367275
0.9017592698035758
0.9170055807206342
0.9389507236972384
0.908324779838479
0.9114930421546716
0.9169075940046351
0.8846668984085776
0.9365615422661728
0.9178125610637762
0.8951911419878976
0.9600958368699622
0.926288256502055
0.9015728088864107
0.917822455900596
0.9411256252319717
0.9345570185367283
0.941211527965506
0.9364977942841167
0.9077563477992653
0.9172494123162563
0.9450294069843098
0.9389555992154716
0.9467664362287198
0.919273016919732
0.9173499792888823
0.9190203084978759
0.928618330627493
0.9729740282711419
0.9160509888558565
0.9236898095526194
0.9565450410391932
0.9059261893380235
0.947495951651784
0.9309734742976176
0.9321223036340338
0.9098843254342673
0.9099677179655538
0.9135561417057857
0.923839743689492
0.8937199914987197
0.895704490296891
0.9057289818987135
0.9106170450207541
0.9225478529277283
0.907491977819048
0.9236851230141212
0.8998366073488865
0.9241176924519761
0.9206086622462837
0.9230090431806222
0.9477099962579952
0.9301221829177583
0.9068315101794006
0.9317697927157397
0.9175286166584502
0.8908217205327782
0.8947061686205868
0.9008583928569391
0.9313329960000887
0.9366402919301282
0.9213344092964002
0.9244125113060987
0.9209253701490713
0.9358970068115712
0.9741294449980205
0.9321509757447597
0.9177524188708103
0.9724789076220357
0.9194238961142196
0.908327649042829
0.9214983257077191
1.008452552308018
0.9056135663868963
0.9564595759748674
0.9633656028817869
0.9539727113651297
0.9350980082040747
0.934853578489606
0.9065430021379689
0.927148179505478
0.9229549029096294
0.9080235411847509
0.9174141129089853
0.9406434480333027
0.9035388784163144
0.9218382031184176
0.911227622211845
0.9385051710905755
0.9047634352045448
0.9615135325890067
0.92203868218253
0.8909906051666134
0.9285839793489563
0.9201408467053798
0.9206330316503107
0.9590780496748709
0.9202227126183598
0.8992749332460865
0.904612946038287
0.9629426188893879
0.9487467173863309
0.8827831834173051
0.9119021990089256
0.8913826363489699
0.9440620046594898
0.9338497467523481
0.9117687458122365
0.9178312159433742
0.9225330111792509
0.9065941965845967
0.8956902680839544
0.9230703002600334
0.921206931957206
0.8991482287160902
0.9060949542647194
0.9380344763471324
0.9337827444479997
0.9006738866651944
0.9221669767233289
0.9612328551907763
0.9704060436678962
0.9110942023583688
0.9223184989306308
0.9110606133949218
0.900831767530261
0.9050342492507149
0.9114165352494711
0.9524157273882452
0.9327406825888721
0.9029389736443364
0.9185517524224038
1.00275817479934
0.9042016173689571
0.930666419876607
0.9207625610724702
0.9426726818821161
0.9119153327695989
0.8965179087430071
0.9356782073087995
0.9143938485953776
0.9298262847414845
0.9452238506148045
0.9244888665461332
0.9075884016677669
0.9777176259871212
0.9291492940017752
0.9513831802016985
0.9440278992447377
0.9307913344092558
0.9128674097619741
0.9066589807000229
0.9621817231798419
0.9375025347794287
0.9212863498527788
0.9096284384418751
0.9307507381075772
0.919541825026644
0.966295015208805
0.9731433891755195
0.9406783837101527
0.9097258726623696
0.9109981967634905
0.9283734575007089
0.9056277027025914
0.9010009737400875
0.9478099105918939
0.9480326553574532
0.9376831562774083
0.9248673760644086
0.9608401722858187
0.9054289234155365
0.9318283399683694
0.9048739492792434
0.9265695593261427
0.9170137733936911
0.9457612207599606
0.926233780339636
0.9549004549331518
0.9475531138864228
0.8985278450597979
0.9184929509372566
0.9090114349469017
0.916255189620319
0.9093021307584298
0.9441195067058825
0.9107305981240084
0.9045943257056355
0.943352168048566
0.946537218466842
0.9129614927842232
0.8931767744806235
0.9085706821680616
0.9421981769912603
0.9323531744256283
0.8905956523929958
0.9040791858199844
0.9488445600981165
0.9449014502454769
0.9546609269950789
0.9359342781201209
0.9166977796804598
0.9739944375784995
0.9442949944951938
1.0105928898292134
0.9120831150055767
0.9037865489662853
0.9523481934468578
0.9158117903849259
0.9091983032701485
0.9294584473228404
0.8977341707896522
0.9306534569288378
0.9041708803121745
0.9016701982220157
0.9088349755275449
0.9095057689090496
0.9368480256902542
0.9321624266429004
0.9446694284785185
0.9510490917222009
0.9567733036529417
0.9148051557484815
0.9258787374018607
0.950483591346781
0.8822428776692807
0.9491067187418946
0.9430558766552752
0.9215070471071636
0.9524638528948752
0.8998429214815671
1.0131725411522394
0.9792440535849326
0.9382307598190164
0.9519434087590121
0.9434635596119131
0.9228926273159024
0.8790595503061316
0.9322034782032103
0.9245236488004913
0.8948088756734299
0.8988465763624786
0.9001404230816684
0.9501145023389257
0.8925556315439327
0.8882012884597857
0.9426260991524757
0.907458264298629
0.9137449635278403
0.9085658490633354
0.9205565536407823
0.9133612450062528
0.9612068149361012
0.9048485252669636
0.9129218448631838
0.91311205092373
0.9209358385746473
0.9185563974304779
0.959117405762449
0.9689670368049854
0.9298095016275912
0.9234212669195652
0.9166229402069924
0.9139303797179686
0.9512234554308436
0.9332783882163879
0.9253801318836061
0.9295671676895135
0.9319502267138113
0.9185459733863621
0.9404213580376537
0.9453583010949776
0.9278900398175349
0.9178684564079903
0.9116070418050757
0.9290414952938835
0.9261960643876928
0.9120330806087403
0.9216446837901985
0.9056226756305611
0.9127432875258336
0.9087956904676237
0.9238900347709319
0.9074269089089545
0.9782052305265962
0.9365275340203651
0.9452591174056273
0.8947637193570179
0.9332671712274527
0.9316055248832285
0.8887003698719554
0.9298814699682304
0.8967725107993297
0.8870122621031303
0.9559264396265261
0.9313242955008152
0.9803291620048415
0.9278463753172188
0.9333492574201556
0.9681277692950299
0.9197530763157895
0.9249715328666208
0.922734100054275
0.9159238382629351
0.9561601536992979
0.9415972210267398
0.8990834227884908
0.949581937344302
0.8904425726344056
0.9670564696603688
0.9138966231014086
0.9273210675288709
0.9266419199739995
0.918780997800836
0.9292015287425177
0.92941036086695
0.9048811421926678
1.0135669809022374
0.9415781256202834
0.9273925837293873
0.9123667646096814
0.9196256419200672
0.9167000859835224
0.9536972707656974
0.906607140120692
0.9393724212886535
0.9271142884691597
0.9210840402469388
0.9276464294823643
0.9047431673884433
0.9535866098880488
0.9109565616944858
0.9429191042877709
0.9864895690647622
0.9274259853541454
0.9267202955044219
0.9240247695314415
0.9175392375723509
0.9395895378152145
0.9155058681984402
0.9045104175223317
0.9556959638867872
0.9280100095641098
0.9131289469806522
0.9488379785134483
0.8989540327592491
0.9198376517322823
0.9305476849084529
0.9530780995971254
0.9487801631432462
0.8880083069958952
0.9188227332104605
0.9748884691832717
0.9203186770929811
0.9453426237436446
0.9577826030244512
0.9306372083042196
0.9096764912426333
0.9210058411804212
0.9283986718573551
0.9170602103883636
0.9673567318220812
0.9328388090126417
0.9447727266920322
0.928265717608451
0.9385206852636426
0.905513270753082
0.9686828292686247
0.9693884977525066
0.9886009113599503
0.9523433285376874
0.9202813793971912
0.9672424561877004
0.9925601861427956
0.9324244361821736
0.9377535135263771
0.9132485848104605
0.9322451515522295
0.8864821251790378
0.9193241994787166
0.9367161107726493
0.9733208722668512
0.9215060193992286
0.9281484898430882
0.9059808700884737
0.8906753527019996
0.9271021730434398
0.9683007859403022
0.9083383262308434
0.9136660627691505
0.9307663051096102
0.9440034319438365
0.9238387789425289
0.9440375069143736
0.9818178004319833
0.9043699260861403
0.9098688394600275
0.9208101706858755
0.9074261049373973
0.906578876181911
0.9252064422916076
0.9060481421840815
0.9312831020078967
0.9367172895599506
0.9152652808465569
0.9343521781629346
0.9012834822118498
0.9160754412651935
0.9338106535828581
0.9243528105624792
0.917570749682611
0.9538195110563299
0.9630610003245619
0.9249165228481147
0.9107139383988464
0.9511247513143213
0.9189342729941357
0.9199745420147932
0.8920660825948331
0.9240882159586122
0.9599230116455968
0.9100605778484396
0.9460836931239339
0.9299270005261777
0.925911552890826
0.9213011358891777
0.9612432915308682
0.9535489450127198
0.9471154285773496
0.9084182486362385
0.928624695158518
0.9268829752853125
0.9500846063558613
0.9317812971589474
0.9029122347143375
0.8991988560514518
0.9080241540922838
0.9214831792922257
0.9233192058770208
0.8963627777974787
0.9162683683934788
0.9598395961947647
0.9147040598334789
0.9262630508973742
0.9044800665181002
0.9241573560672299
0.9091103380667356
0.9035013861588643
0.913057602409432
0.9476347497283928
0.9397851855076891
0.8935656619700911
0.9512778334222077
0.9841773924484958
0.9808444331498553
0.929394151933112
0.9255339920759028
0.914425309021451
0.9200542316494359
0.9002584826161265
0.9259246784412958
0.937941637503163
1.0168570629967568
0.9029453154524645
0.9138591162052384
0.913285872888436
0.9562444771663099
0.9084327992467123
0.9312742888830772
0.910174138201639
0.9309805436194903
0.9389127989663202
0.9297330648634994
0.9077942906673744
0.9118504961246212
0.9330297585019272
0.9114159251932615
0.9385994833421322
0.9113630645796232
0.9622746513366657
0.9301123143279735
0.9228330191616478
0.9356275246792344
0.9151420197336264
0.9066061221590953
0.9125705105179638
0.9269894474043802
0.9023874716039355
0.9466811990342745
0.9272261569201271
0.9370036074152494
0.9090552720153057
0.9421922569641463
0.9277544864001439
0.9170285818856772
0.9490995696924476
0.8950999152532298
0.9351144809576455
0.9167587362402947
0.923578070364907
0.89963703091037
0.955922489996472
0.9604338935619732
0.9996700607646253
0.9190436972297517
0.9307476923614505
0.8946511707587077
0.950694018845868
0.9080522721143389
0.9224347562523749
0.901455504938586
0.902526027835331
0.9364414930761089
0.9273982531980318
0.9139026600156446
0.9234427453845476
0.9360751688943297
0.9309276992279234
0.9455955348497271
0.938231559117198
0.8876678658278029
0.9591502453830713
0.9134462509565795
0.9148491521713012
0.9016208695266353
0.9126660016732838
0.9188543254520168
0.9392828802621351
0.9295174569110639
0.9028822386346471
0.9214932991945907
0.9400781620298273
0.9042171866903999
0.912623351304659
0.932575514037595
0.9301137062839121
0.9182211281983385
0.9272190297017026
0.9086642387710415
0.9131085623074648
0.9832313930780476
0.9113280833676135
0.936314869990897
0.9078092222924361
0.977928487035567
0.939009110463776
0.9908786999996552
0.9060565200804438
0.9146452270770355
0.9216213992433926
0.9255037986688052
0.9223025907547105
0.9753205611188727
0.8941397157679829
0.9277038933591605
0.9794015170128425
0.9313695389923526
0.9104615234751195
0.8993374861587974
0.9053163472757298
0.9118476483334812
0.935798395626688
0.8928058031626852
0.9589976373258126
0.9308994844617742
0.9067760065060517
0.9506532560325746
0.9405850847600182
0.8938395927643373
0.9140256297748387
0.9500222292998669
0.9236149289896395
0.8991855537549195
0.9511424866731861
0.9234596194516683
0.9404130477061382
0.9248427009917012
0.8944598281219603
0.9351067595613497
0.9294101013414614
0.8968882007190526
0.9088099419102117
0.9041302443009099
0.9380143752500983
0.9558515982427553
0.9391820787509328
0.9338235227944554
0.9278565679482738
0.908344846010886
0.9329481236343006
0.8999599836367828
0.9515836354509378
0.9190274017031733
0.9180827627861554
0.9325912445546668
0.9191561247177362
0.8817496077293009
0.9492071789246648
0.8848963872977494
0.9576670905123241
0.9242462419135884
0.9526081889938804
0.912186476996938
0.9340507600357605
0.9059655964293605
0.9433357696628264
0.9017799014408483
0.9273638294582918
0.9126615062416283
0.9358798600513978
0.892714779352767
0.8913100659963662
0.9055196243909369
0.9431365662305561
0.9520707865921544
0.93751519086495
0.920987301770837
0.9068721698618506
0.9316008420196764
0.9471941894618824
0.9624182529420553
0.9229678117598069
0.9358849490994239
0.9267118270589094
0.950990290263743
0.9316134097941011
0.9105788929004679
0.8887438753661623
0.9066494891272836
0.9727136974239106
0.9151468318205002
0.905625283667476
0.9569366992706841
0.9346551056051865
0.914693413134216
0.915417565510815
0.9241574516085342
0.9154855222194889
0.9389928815483469
0.933802368128966
0.9452231841373622
0.9232801083132282
0.9511905019029983
0.9440034752715235
0.9212841702065333
0.9387124373242666
0.9353040436638295
0.9475125738732502
0.9207333749463439
0.9471115536164588
0.9035830035189526
0.9510732389591001
0.9029428273580077
0.9167057998882268
0.9460193044558377
0.9191166410023928
0.9237527211267462
0.9105195732019491
0.9089229157269155
0.9043287137554343
0.936220448013482
0.910468337528034
0.934032764463035
0.9251047328037393
0.9202261844409955
0.9177809277688156
0.9660894282650343
0.9414864603915043
0.9310271853077053
0.9348702465285925
0.9277133366778947
0.9028257099552717
0.9765708872314037
0.9345198567354229
0.9373507756377509
0.9404322485082601
0.9187414505742474
0.9187239684109756
0.9942177004364017
0.8979105430744656
0.9225930724042917
1.0171449074303833
0.9243647859387042
0.9167212773034769
0.9228595506309062
0.9324594715883889
0.885710012039003
0.9178178012918289
0.9378775907269761
0.9230933525614212
0.9864646408112433
0.9622735676450767
0.9188403574345776
0.8967390889954191
0.8981228440208393
0.8976357489601821
0.9395680733106075
0.9110573820418307
0.9225587897264788
0.922843703693706
0.917853886672163
0.8994929105424972
0.883961722042795
0.9213199354332925
0.9069597583439813
0.8981428831854111
0.9373470346245154
0.9054111564464236
0.9735499982956011
0.9281691770598856
0.9062565547832832
0.9087733066032472
0.9070215522024522
0.8968581143093882
0.9297454321963301
0.9245811814772923
0.9233089574596499
0.9562901721133228
0.9227992256647424
1.0466121967131967
0.9206337005140783
0.9071281739360647
0.9189151257672207
0.92969219131814
0.9109268095399087
1.0153094855065856
0.8957331517757111
0.910795083186432
0.927858823063922
0.9271047905460741
0.9622686239833805
0.9171730307017207
0.9375920279399046
0.9148214847136907
0.9485801211064452
0.9042677730194733
0.9074756086740311
0.9111631630256077
0.9459618099734282
0.9317870528987819
0.9412870243118747
0.8953091359669622
0.9308263788046197
0.9049362110498339
0.9394442480145616
0.8981268011920307
0.9379797194766764
0.9194202172130462
0.9229760163762151
0.9451317077721788
0.9231043901676355
0.9031939972998919
0.9063500876694552
0.9896973855491681
0.9249515986236307
0.9079686295328263
0.9072503725287075
0.8938722156610313
0.9791071849690575
0.9058051125943144
0.9513981614878211
0.933764362152437
0.9264080601306885
0.9038002460303854
0.938194020633584
0.8992364747698467
0.8919739394872369
0.9227611285009055
0.9101382636029822
0.926169852653138
0.9588386236082698
0.9533401127730528
0.9119607117287853
0.9211716443048188
0.9102301721489843
0.9127867095163578
0.9846648446234162
0.9200192363088563
0.9745908744533478
0.9097128947523784
0.9559373567465105
0.9099706286851241
0.9129566104640099
0.9119545705263437
0.9029940380950462
0.9165597468090542
0.9728243636872927
0.9515560138149922
0.926546800086774
0.9411029106999929
0.9500325282881606
0.9130628882662616
0.9050945103716928
0.9552566396908758
0.9432390074504307
0.8895945029625
0.9599451424537087
0.9447355167305559
0.9376305267326693
0.8999840249348428
0.9564727282166482
0.9133882607775325
0.9245421630035786
0.9507345986881356
0.9477844360776173
0.9229309028941322
0.9162278084596843
0.9847665842264307
0.95692604250556
0.9341495674719407
0.9162528123267969
0.9402341015663721
0.951307069980564
0.9254690043251286
0.9259124388404104
0.9470241547732746
0.90582284559803
0.9098248686308572
0.9857611346838724
0.9684014919529637
0.9087615919585247
0.9072430630836625
0.9069127944284199
0.9506944735281982
0.9001126477444322
0.9910005208738788
0.9164418323439061
0.9198131364131359
0.9087560014925216
0.9949615503934411
0.9100300960029005
0.9297684692202944
0.9115782399961181
0.9066037249181019
0.9175590006503421
0.9230765505460732
0.9265637544791879
0.89378690068569
0.9553272683115792
0.9147257028864315
0.9051704830311591
0.9621794375531318
0.9462335572075332
0.9214802943435425
0.9080225576642564
0.9117535359755247
0.9142683863365528
0.9222562773948177
0.9247352376251455
0.9135068525172724
0.92208620758265
0.9286341618074605
0.9388163200751676
0.9724531728985875
0.9386817704665495
0.9333976235497576
0.934371096710333
0.8895875408068448
0.9067697961744742
0.9676358480009463
0.9157464404166169
0.9167721116517727
0.8937767272169238
0.9394032133607743
0.9237945187570045
0.9299322772136728
0.9140653453250249
0.9252074938959254
0.9132035131203086
0.904431570502013
0.8948659132955767
0.9193616251176708
0.9233483688579806
0.9458326097908827
0.9689124558236694
0.9145145368222001
0.9561096570835904
0.9196848887920213
0.9178101048640276
0.9351870936404976
0.9007286047292202
0.9286346471641942
0.9029020559939714
0.918802532891844
0.9270821742061547
0.963549799169819
0.9050923995027036
0.9363533712467914
0.931726324439174
0.9361427852738555
0.911648355112472
0.942257617838449
0.9199014657828779
0.9265995297123035
0.9207392608971332
0.9729230882552282
0.9907797031992817
0.9279983889558703
0.904805351385561
0.9226549806596088
0.9324094479634155
