0.6752366536299287
0.721290465734472
0.7019499409085018
0.7508965219786972
0.7081634317561795
0.7390406499438386
0.7677607798825885
0.6914429150063294
0.7841534679631561
0.7081634317561795
0.7615166551955049
0.7108305207290156
0.7161710821427939
0.7810229084154465
0.6738508374015029
0.7100303345270083
0.6777252980080046
0.7557345381192897
0.7074004550696265
0.6792714852556787
0.6807317365544311
0.7261150512376727
0.7410633174026983
0.696969267524426
0.8183091466968173
0.7922061578363315
0.692184608613178
0.7443598938744385
0.7599536284845211
0.7050042518877714
0.7881544507087312
0.7346291955262956
0.7548114744836653
0.6863119429928768
0.7425623893296963
0.7053733282102836
0.7744936627124636
0.7145793795264864
0.6802395188585991
0.7588494794153456
0.7474317370933303
0.6875676497099625
0.6868659086792507
0.6882720218091096
0.7059742711681378
0.6748151105032818
0.7842356112656939
0.7764457765568803
0.6737637128815066
0.6971331588361399
0.7283428133790741
0.69740939479971
0.7945425384630893
0.7316365031834552
0.6989641461352889
0.684087006862339
0.7434180800786636
0.7881544507087305
0.6841215426282907
0.6833105293552262
0.7046704033182337
0.7347563580750445
0.7275105387257313
0.6890387195357967
0.7189859315354208
0.7626003270999419
0.6863149526301631
0.6989798241028211
0.6952255405842449
0.6788205973467527
0.7302651091019186
0.7252575317743288
0.6956371142616068
0.6820431077302669
0.7697189989865207
0.6832296992018475
0.7512455389119175
0.7061462196026589
0.6875270724862624
0.7961563473665493
0.7473506878332968
0.6941018660493937
0.6847182710821702
0.7934234896323982
0.7085305992325674
0.8105043565299839
0.7114973158218154
0.7258051901317262
0.6963513848658226
0.7896202636213435
0.8020506732151156
0.6902199928271553
0.7323770231330123
0.6890376870674773
0.7621903421910254
0.6828367160911418
0.6712131598901719
0.8697445544673231
0.6880336921342554
0.7487147743266506
0.788154450708731
0.6840345459151199
0.7484672438337235
0.6961799750092627
0.6904921767868514
0.6678440565730912
0.7975920117861682
0.6992618147010442
0.6845393229636536
0.7512455389119173
0.7050981549905292
0.7026821881277183
0.7800845258891321
0.6809475451362991
0.6844819664845538
0.7540527166785134
0.7283428133790745
0.6896063308515837
0.8495660899674186
0.677741992658182
0.7074740438923699
0.6992484293827645
0.6896853688110882
0.6968558102874417
0.6845760288388271
0.7415412715213825
0.6878054760305455
0.6811059095160952
0.6927364993109302
0.6868765978298161
0.6908173276938396
0.6851082071319144
0.7041097977188668
0.7056550631494797
0.805246694664812
0.693537905257995
0.6975280169869106
0.6810246927896174
0.8029450331370708
0.7411202536932657
0.6845981221874434
0.7091020936692949
0.7022274601499443
0.6858930952354066
0.6980325816709794
0.697926972459045
0.6927421454561671
0.7512023689959044
0.7996426267446419
0.6915144083636702
0.7612421404772611
0.6843193372709684
0.7691940332059367
0.6950777507090846
0.6872227145270364
0.7184380197782233
0.8049663727556594
0.7351196701233632
0.7521070857437866
0.7199656586320952
0.6932766767784928
0.685486497761797
0.6866016857247266
0.7816889896825833
0.8031737747536456
0.7192250332455477
0.7346291955262959
0.6914082225200708
0.689606330851584
0.6882136110083071
0.7476387109729803
0.7643892650827956
0.6798887720306526
0.711947923653332
0.6915144083636702
0.6889450326763639
0.6787352047869398
0.6865356326321085
0.7004456836691104
0.761797690503614
0.6919997599541868
0.7626003270999419
0.7468885020188584
0.758464611021184
0.7228073617916233
0.6976780344844153
0.7745398003100283
0.7788796196801484
0.6895758309883849
0.7479442039753718
0.6959966029769039
0.7520710555043513
0.6848665389575683
0.6867484731039711
0.7783215290074186
0.6921425194541905
0.7810229084154476
0.7055013867176307
0.6988659317168495
0.7344756223334596
0.6857282983016253
0.6769775096796221
0.7524252134004762
0.6935379052579953
0.6902199928271553
0.6848665389575684
0.7441780607150782
0.6895599565016646
0.6844847941063866
0.7453150067998067
0.7346291955262958
0.7508965219786974
0.7172762550029673
0.7155877382454662
0.8697445544673225
0.9434324033463669
0.7351196701233635
0.6872227145270369
0.7799442734106065
0.7675467119245073
0.6686833464318875
0.7524252134004767
0.721050380755459
0.6800595788834054
0.6898883030271565
0.7069805472039387
0.7045091776373124
0.6916350551421675
0.8031737747536456
0.6892306776512279
0.7961563473665486
0.7003807395909085
0.7061767875564224
0.7346318788032322
0.6968384983776141
0.7538346220441146
0.7242648500444677
0.7792940967580554
0.7153141841702346
0.6794239195665972
0.6900542394404285
0.679083825446919
0.6777692409185978
0.7614323357072637
0.6946107460805149
0.7027805960344555
0.7344756223334595
0.7252157258796023
0.7016852046091104
0.6749667631774718
0.6898588065019834
0.7223623568965668
0.6841274804256773
0.7761777957580284
0.6982638167550227
0.7546045915583174
0.7748110978474654
0.6828690482825993
0.738757320275021
0.674455912201852
0.6806009803871305
0.704670403318234
0.7334564138831399
0.8495660899674186
0.769718998986521
0.699857596330264
0.752050820482941
0.7316365031834552
0.694438511520578
0.7899091985152346
0.7041097977188668
0.7788796196801496
0.7418777416327589
0.6916989782674318
0.7767739846836683
0.6939919603827781
0.7032163723327269
0.7934234896323978
0.7020573747589356
0.6749973033112509
0.6759961273438045
0.6984978459771242
0.7601062541578644
0.6749886046624941
0.7004639676646806
0.7630561620419615
0.680947545136299
0.6841327114449897
0.7050243976717199
0.7520710555043514
0.777217298610213
0.7934751577447134
0.6772092328240743
0.6864606765524437
0.7975920117861683
0.6835783845644638
0.6800034553823521
0.7063144981869521
0.776134344930519
0.7041097977188668
0.6879612621651799
0.7842356112656939
0.6715544989237305
0.7089735717124518
0.6948513115971622
0.6838948277367564
0.6871260726014062
0.6867635717921005
0.7065890095139237
0.6831854704281299
0.6991414755482697
0.7899091985152346
0.7003807395909085
0.7389504726789831
0.7370406975040098
0.6931345300479297
0.7008477193978889
0.7042083763603983
0.697206857794482
0.7155877382454664
0.7799442734106068
0.7007947435480633
0.7008477193978894
0.7010828279156469
0.7464651918036932
0.7630561620419624
0.775133904227204
0.682370852836522
0.6931927682049315
0.7922061578363315
0.6831408211170276
0.6762794530701208
0.7545557203110019
0.7815734194450873
0.7011149830628555
0.68348440860042
0.7639929470770415
0.6788205973467527
0.6981356324379401
0.684319337270968
0.6861874615477846
0.7367315794446048
0.6733076705485446
0.7033382031789414
0.746035048307187
0.712419912220383
0.6870432928251223
0.6769616863527914
0.6772092328240745
0.7018169816096778
0.774493662712464
0.6816046109636086
0.6737804706167884
0.7473938272044793
0.733405192823116
0.7025745404492315
0.7106559420487131
0.7926941689012563
0.7558881061341989
0.6818223595131587
0.7918993040935418
0.7505740773554982
0.6724604562145009
0.7155877382454667
0.777901264005168
0.6801908474914599
0.6771802841156882
0.68918287216729
0.7029105487723567
0.6812668873842656
0.6915708162087547
0.6901408662168368
0.6954716643385969
0.6946019528121392
0.6892165651155016
0.6796713656462914
0.6825045746985446
0.7059448228266124
0.740724560611413
0.6777167452423164
0.6978254498071174
0.6910108486391577
0.7910497860915541
0.6861874615477846
0.7966391130420244
0.7051108873664232
0.6993140258668352
0.6890133809165145
0.6808725623647247
0.7278385281119704
0.7621903421910254
0.6847978801726654
0.6908978862367453
0.6984978459771236
0.6870043836796793
0.7896202636213434
0.7725706875904786
0.685835843416117
0.7642431680811813
0.7059448228266124
0.7451907300153625
0.7505740773554985
0.73913881806971
0.6992484293827651
0.6833105293552262
0.7007947435480636
0.7268197927833242
0.6988954215023664
0.8031453401025529
0.6841599085759432
0.674455912201852
0.6914082225200705
0.7571886890394104
0.6768899438635463
0.6993001531316061
0.7141377351795113
0.7818437197516005
0.7284775218854315
0.7283428133790741
0.7800552151034637
0.7614072729327802
0.7283428133790745
0.7170925574005791
0.7018169816096778
0.6908978862367458
0.714498555716474
0.7369161307228363
0.6927421454561675
0.6750364413373615
0.6713249504786479
0.6816751698462935
0.7841534679631562
0.6841599085759436
0.6927421454561673
0.6837887383736363
0.6907921796400561
0.7179206056260525
0.7335641217004109
0.6988954215023662
0.703775690906
0.6798754872078703
0.7054353549369589
0.6853537795808572
0.6830086730009006
0.6813315785116695
0.6714286014908603
0.7910401585418045
0.6912731142983735
0.7443389306524738
0.6992484293827655
0.6941692268099529
0.6727666585335915
0.7199656586320958
0.6809324309085814
0.6733961464900651
0.6948236325156464
0.6733961464900647
0.6803303240945984
0.7675467119245073
0.6913869442047683
0.6997714855883861
0.7283971663570381
0.6753467654448747
0.7153141841702348
0.6824878099493837
0.7477612515187766
0.6839250718443037
0.7945425384630892
0.7344756223334595
0.7381084637069043
0.8183879995833311
0.7074828239391407
0.6940492233487247
0.6812668873842653
0.6876703471271243
0.7155877382454664
0.694935022509247
0.6991767928214012
0.7467844069699514
0.7000677055234648
0.7677607798825882
0.7162697603633115
0.702992610225884
0.6725002313807705
0.699426000477575
0.7799442734106065
0.6839734186285135
0.7111623970924775
0.760912029791216
0.6895502883442955
0.6981192973760543
0.7132988187369808
0.7085305992325674
0.7319568662338224
0.7169356299318513
0.7712057337048693
0.7022274601499441
0.6706265817904988
0.7675110726188697
0.7215396302102667
0.6716258868891745
0.6919509364069585
0.6865498660540547
0.6931887309948892
0.7443598938744385
0.7074740438923699
0.6893325724206596
0.7301813380545688
0.6882827344169083
0.6892306776512278
0.6949350225092473
0.684136455206837
0.7406032951025888
0.679083825446919
0.7516374499163027
0.6771217892437943
0.6967164718653999
0.7704520679459704
0.7607731155529717
0.6969692675244261
0.7557345381192901
0.6990851335878392
0.7030890476955758
0.6703353065481522
0.7725706875904789
0.6778833634960609
0.6905913342850882
0.6899614491700422
0.673763712881507
0.6808725623647247
0.7144083156885472
0.6744717826117553
0.7524252134004767
0.6866646506119661
0.8183091466968173
0.688213611008307
0.7056550631494793
0.6913270994297444
0.6925573631636379
0.7334564138831404
0.8049663727556599
0.6892306776512279
0.8029450331370708
0.7732292256258148
0.7055013867176306
0.6787352047869396
0.7725706875904785
0.6920101898000535
0.7557345381192894
0.6856977639204602
0.8183091466968173
0.6853794661204868
0.7762143628481786
0.7698418848931727
0.6967561641588994
0.6895836785579358
0.6927949829051504
0.7094116551740719
0.6845184778480013
0.8064008304487053
0.6978254498071174
0.7083358168602567
0.728901807439863
0.6800595788834054
0.6797271049196566
0.6859163946441058
0.7055013867176307
0.730526057604724
0.6908978862367455
0.7771709987604598
0.8116792939230413
0.7215396302102668
0.7937609190198319
0.6863149526301628
0.6975120867139957
0.671536231086064
0.7931772854976427
0.7022274601499441
0.7816366166591766
0.716269760363312
0.6875098564458022
0.6904966035816695
0.7303261724241474
0.7157588194737228
0.8421934445924413
0.7079746920340327
0.7089343999639635
0.7792940967580553
0.8031737747536457
0.6987325741224953
0.6901408662168368
0.8031453401025522
0.7177162497588802
0.7558881061341983
0.6835803119109388
0.7211384427643966
0.6950657599010936
0.8397748161030812
0.6990705743963758
0.6719868706372334
0.6916682429185719
0.6911199227135333
0.684397943335934
0.9056946999079152
0.6845981221874433
0.7455259417875172
0.6835535606686133
0.7274135299209014
0.6895502883442959
0.6819753882777844
0.7511077076588684
0.6879612621651799
0.7549324067960976
0.714498555716474
0.6995528606594054
0.7520508204829414
0.7447501958403224
0.7264601581857575
0.777217298610213
0.6890387195357967
0.6906125719212344
0.6809446390016924
0.6891758533469468
0.6693217694119671
0.6999786187149223
0.6882969887643255
0.6845845126478968
0.6957963538084375
0.754811474483665
0.6881422053607453
0.7441780607150776
0.6812668873842653
0.6878744807276688
0.6904687157367514
0.6685251356334224
0.6995102679928306
0.742149576313786
0.7629444355973801
0.7381834361595246
0.769718998986521
0.7761343449305195
0.752050820482941
0.7975920117861687
0.7003807395909087
0.6726370568241719
0.676755394782627
0.7610069910690941
0.6841274804256773
0.7810229084154472
0.7008477193978894
0.7347563580750448
0.707670913446307
0.7557345381192901
0.6782661821796889
0.7447501958403224
0.8605200823300229
0.7499895774270339
0.7335641217004107
0.6885134917519176
0.706708226855875
0.694499582657893
0.6937433250606498
0.7019499409085019
0.6970914809451282
0.6841274804256773
0.7005776601292186
0.6874521276776079
0.6818998603307584
0.684319337270968
0.7059448228266126
0.7642431680811813
0.7945425384630892
0.7693666731710265
0.9086801892281333
0.6950479623739795
0.7881544507087305
0.6845397334844195
0.7387573202750207
0.7912264723838235
0.6921375883333154
0.8027863180084198
0.6816378184765642
0.7305310056052929
0.80483895773615
0.6915144083636705
0.7760613392447154
0.7305260576047248
0.6897112304031052
0.8105043565299832
0.7742855000082945
0.7931772854976427
0.69752801698691
0.7346318788032319
0.80483895773615
0.7349713965777207
0.7788796196801494
0.6812668873842656
0.7305260576047248
0.6723323665661702
0.7455259417875169
0.6927949829051511
0.6841274804256774
0.769697913046564
0.7764457765568799
0.6753663644339477
0.7011149830628554
0.6838537649299682
0.7041097977188668
0.7732292256258146
0.7380084021766042
0.6750498376248683
0.8183879995833315
0.7046070205841195
0.7279669071027662
0.6866934502940277
0.7571164388765851
0.7100303345270081
0.7505740773554984
0.7934352704607398
0.7252036861186264
0.781688989682583
0.6846476200680631
0.7381084637069039
0.7135129234435571
0.6921497654665543
0.7070188593995502
0.7767739846836688
0.6715544989237309
0.7642431680811811
0.6972068577944818
0.807192656571769
0.6733961464900649
0.7810229084154461
0.77644577655688
0.8397748161030808
0.9086801892281333
0.7143571251958118
0.6939919603827787
0.6972068577944818
0.6883608855838408
0.6895381214432904
0.7449872791874103
0.7520710555043509
0.7838990997514562
0.674476013589816
0.7001652643016361
0.6927364993109302
0.7511077076588686
0.6781466042412507
0.7588494794153456
0.6816344400781879
0.6933085404739038
0.7042927002953184
0.6833804269614463
0.7380084021766039
0.7126545425879444
0.6810009630633861
0.688497035520278
0.6890376870674769
0.7474317370933308
0.8043243826115182
0.687010909178276
0.8072985294076639
0.8069892946456292
0.6859104047722403
0.6871199423218384
0.7782101872868523
0.6853881509790158
0.7029926102258847
0.6800581902138843
0.7966391130420244
0.6716258868891748
0.7612421404772609
0.7252157258796023
0.7002619663724662
0.7837866223507832
0.6891828721672899
0.6791514939728415
0.806997090286134
0.7211384427643966
0.7019823737323996
0.6741072664010618
0.7815734194450866
0.7407245606114133
0.7155877382454663
0.6870748547074504
0.6943527383544955
0.7189842958012392
0.6806938011810738
0.6981770092742421
0.6782661821796889
0.7380084021766039
0.6743756430022145
0.7252411676605776
0.8421934445924424
0.6839734186285131
0.7304586043805689
0.7019347239455251
0.6916663769134095
0.6860745515805972
