0.8309345303745238
0.7778267926265374
0.8392696405860146
0.8858624772144239
0.7984593311466683
0.814661158921974
0.8679645783161507
0.8388047833977352
0.80339009665838
0.8176336278570182
0.7639534519027654
0.8305637937803441
0.8622150447176383
0.7696459093971121
0.8013495668257036
0.7703881918912849
0.8081123027966686
0.8179323564788138
0.8568588282430883
0.7919667924385023
0.7769604518588967
0.8124917160217509
0.785774935752415
0.8750037475120199
0.7906327122032385
0.773285102986813
0.7994458325175223
0.8212622408590072
0.7859014784468603
0.8012388472990976
0.7853775135563644
0.7807594969502898
0.8059405338133724
0.8215638311318794
0.8905535979829996
0.8364401299456029
0.8324877900457404
0.8069915490595517
0.8640575251302673
0.8374323534898451
0.8572667791198663
0.8200160058824235
0.8405899663221842
0.8065611719635231
0.8820120480202612
0.780330237596187
0.8057776206881153
0.8525725118061928
0.8031409540155522
0.7805119174043653
0.838345233535575
0.898707625084018
0.8417987045679561
0.8792533827551677
0.9337619973151198
0.845676498609695
0.8478240354242884
0.8404807366729248
0.8027857823633382
0.7734543368275602
0.8157560836145967
0.771993119744205
0.8138248586187437
0.8206395033204912
0.8329828172948528
0.8521374926149388
0.816410021514252
0.7958231078749626
0.7699436566744295
0.8120155864999219
0.7808637048804348
0.8275219996050978
0.9264869234247186
0.857286397585515
0.8006347880562805
0.800331992994396
0.7838267682134543
0.8113983047244726
0.816420968007057
0.8781279343165748
0.7962955994902938
0.7718535792102774
0.909078941426978
0.7690389682087685
0.7836478875464603
0.7775287567173146
0.7975141631704634
0.8507877346349003
0.8369931778231302
0.7595691766226413
0.8193199294452409
0.8064680774975685
0.7780247954031062
0.7754226455132661
0.8680388883804281
0.7962637031664558
0.7842328663034305
0.8107612050588596
0.827676193499958
0.7669916877794074
0.8229110999983804
0.7973183704882124
0.8550963287033952
0.8104041985819832
0.838563495411224
0.8670824870556417
0.7753147108168827
0.7864715315960259
0.8160502045742594
0.8415719249260023
0.9091922966762505
0.7925044113101942
0.7679871442321495
0.8133590326192868
0.834973025857062
0.8115981926887117
0.8476402931537407
0.81674064406015
0.7771925088049804
0.7783167862125279
0.7708484863588724
0.862527579502679
0.806522471881279
0.8314909832712463
0.8038976250954224
0.7636064553946884
0.7885622631593472
0.8216743910630971
0.8629623075795785
0.8273025303200275
0.8506496063918952
0.791279419600892
0.7797911683159225
0.7773280826609229
0.9028162700213744
0.8822338871601072
0.8392056911576912
0.8157295777543488
0.7906302213257546
0.8177591246963343
0.778207681968132
0.8288489626856813
0.7796621056715802
0.786195344748116
0.8161198195727777
0.7876794842841173
0.8211619418006483
0.8668637992662732
0.8085988497288935
0.7901277435030823
0.8293819320262935
0.8026764742581035
0.828639027517645
0.8344312987860497
0.8192692055671118
0.7870378466061508
0.8144513271174211
0.7866279397381876
0.7757137991542954
0.7928607004515755
0.781414703993868
0.8151896469718949
0.8774334642424506
0.8288489626856815
0.8081793201310659
0.794107596272988
0.8051427438326115
0.9078388824613691
0.806668639107344
0.7800094662699157
0.7874201392647541
0.8320636412359893
0.7799868325021424
0.8048866738017149
0.7834395544327569
0.8040695355606375
0.7846957893358565
0.7740820369565526
0.7706886419144597
0.8036592056285068
0.829504138547268
0.8114655772798359
0.8384478105055551
0.7995741831086702
0.8188986103453455
0.803296926110634
0.7746801112275574
0.824047379412728
0.8291347578929148
0.8439047121901884
0.7864284552131151
0.7725543208857861
0.8128285583385314
0.849617604851538
0.8606519301586459
0.781759824962627
0.8409300371189693
0.7962351351579174
0.7633787329599381
0.7797509755420813
0.795062003284316
0.7700389894029918
0.7833942008373542
0.7766568099721227
0.7887831502524116
0.7668684751982999
0.8174978100949214
0.8336497686803114
0.8679645783161507
0.7787385422310948
0.8872068813050553
0.8100107961083197
0.8699419883790993
0.7715779880391422
0.8752147919916733
0.8199067017519759
0.7712430024965112
0.8047631905384457
0.8179905364709651
0.7877432549754602
0.909724377299508
0.7938040582959545
0.7640774832580327
0.8211853051883474
0.7788746287726124
0.8191521884244075
0.7856593808934701
0.7796159665885222
0.7882397721998805
0.7801802198124251
0.7747720221423364
0.8234892930327866
0.7696198894017939
0.7915159968992167
0.8670490683196536
0.7788346420960899
0.8370318960093289
0.7864314706663085
0.7948349573035952
0.7982684996517677
0.805503832726241
0.8512593906101958
0.7716749973778274
0.8322180039711765
0.7741939119654813
0.7651568147259274
0.8738185653465197
0.7801044590199004
0.7715212978411631
0.8311889152630453
0.84868166421313
0.8673543278252714
0.7815306235950951
0.8202396181898872
0.818336751001066
0.7787903035989221
0.837708511004747
0.8132904803478198
0.8482835203791991
0.8074713779212268
0.8213771965922707
0.8246933145200657
0.7813257782089746
0.8347415750033044
0.8278767233950903
0.800765565310284
0.8074878781835303
0.7870181720041441
0.7692861385877187
0.8348481833036749
0.8235617358115813
0.8097710766210229
0.8533400425593567
0.7684824409810547
0.7704370201388255
0.7810608352729198
0.8102717120174818
0.7739374767671171
0.7771109800772984
0.7774378366405124
0.7772140448228937
0.888986510576424
0.8069712427883593
0.8414571339851312
0.8326435696085374
0.8010356497260058
0.7731989514917295
0.8697767246569921
0.852852446726334
0.8382644468049751
0.8502390859671671
0.7846235452364679
0.8113105154787692
0.7667756713440869
0.771826120168804
0.7683340812636466
0.8554802400502033
0.8573108892181016
0.8071274479158081
0.7656254815852443
0.832953953599696
0.895599848922865
0.8538484791594699
0.7793454810705946
0.8001513091339486
0.8118136174904476
0.9012578895183514
0.8345347200381782
0.8247932994740538
0.8094884485903605
0.8825586556362277
0.8107918652300871
0.8732268724974772
0.7892732230261416
0.7687278866238801
0.7745857956567811
0.8627569836341347
0.7891807686994816
0.8379725360296938
0.7907040590047745
0.8300899950534942
0.7874416367103813
0.8607075651425422
0.7916651488230638
0.7700818715230348
0.8606931766624845
0.8227664206681913
0.8380217020528277
0.8073996129850727
0.7807099160190305
0.8436687691824275
0.7889648124394525
0.837637406674247
0.7675590118246971
0.7993426694658748
0.7757909167405264
0.8112336048539265
0.8727887542807905
0.8295955465929782
0.8075301866788873
0.8025486190082972
0.7717024795240407
0.7717456981857638
0.7800276682507652
0.8271166818265181
0.812090174347502
0.8466044623634681
0.7829896121238601
0.7732543628244666
0.7736660445147108
0.7706342243615251
0.798928386918462
0.8192346579434222
0.8993547521487343
0.8219088887859177
0.7689267181396665
0.9189429922528326
0.8275548356257709
0.7795911128648914
0.8618849904972418
0.7711037848368789
0.7932932907434499
0.8316147792731909
0.8781214236508386
0.7972941616260754
0.8303936493817089
0.8020211214537966
0.8026049181885764
0.7836134500535125
0.8361040243760626
0.7728153199046426
0.8452596588724097
0.7798467259359229
0.7784830292779769
0.7793340652491441
0.7981792549540703
0.8199021535325098
0.8868502695561131
0.8246909302761661
0.7762886682607433
0.7659242510942798
0.8517499049760804
0.8427878218323243
0.7689131346052732
0.8170943252205398
0.7747348709919214
0.8107451591461533
0.8236772296178851
0.8090249263228532
0.8024529968567943
0.7649455810707286
0.7679928058144307
0.8082876200490001
0.7930140948743977
0.8457780221241098
0.8817174116693951
0.8721844716474969
0.8359652162659146
0.8383596839635832
0.797786304321851
0.8225660525889934
0.7717798552435259
0.8099846448267649
0.8457777720340355
0.7875872635496057
0.8437615465442223
0.8076998943201075
0.7758642231134613
0.8238878634369192
0.776975584961752
0.7687187514998187
0.7887807694286386
0.8311327715168001
0.8934021258978476
0.7931214158739797
0.7810935427342468
0.8103763158240694
0.8401638101123535
0.7685188500899561
0.8611083736560113
0.7773607078113887
0.8244474760172498
0.8546674981609828
0.8319998683798255
0.8306567695907213
0.7944885457258186
0.8456215767526317
0.9115626122257173
0.7878832124282199
0.8839639901304027
0.800462919370212
0.8776336728802825
0.7791594316239008
0.7688552539938682
0.7736812418671188
0.8538629171696075
0.8461574394667812
0.8213255496714489
0.8462697082635282
0.8630048561349599
0.8005962761427596
0.8256630255847919
0.7758773668817982
0.8085460115756409
0.8689756929210279
0.8404794050483981
0.8292548192644555
0.7867502274825793
0.8275923249030582
0.8066427294070044
0.8533400425593562
0.8466609912387908
0.8191505712551009
0.8373894076525302
0.786000683000523
0.8217840349421365
0.802801461229309
0.836763929860913
0.8027231266337607
0.7651669070584461
0.7988133041883027
0.8041671262909867
0.7966375842100153
0.8323465042728178
0.7737865701380491
0.8139345187045058
0.7961168170358216
0.810800025231062
0.789439316375074
0.8072651557181242
0.8142295015266477
0.8409511035326873
0.7612591972245765
0.8159622658125983
0.8188058541871334
0.8041242444592386
0.8072449334571508
0.813705176436937
0.8428347180003093
0.8178902282487188
0.7889758844116251
0.8290154141336386
0.8763931357660018
0.7585540320942231
0.8359632663369665
0.7989642525911922
0.76151688631413
0.816469791492062
0.788427118330781
0.7884406714026027
0.8244721972276993
0.8332838450948908
0.7780823247298702
0.800389937942152
0.8001507732173107
0.8318941264737725
0.7722095049548549
0.8232514145453342
0.7860349351403694
0.7782424106428341
0.8315111300906473
0.7703976567869164
0.7985362698580619
0.8185916285356016
0.7880765480228784
0.8083957824885456
0.7651513621031416
0.7787355579070785
0.7780637902922715
0.7855036063306048
0.8327211103662818
0.8770025304652043
0.7813845585989099
0.8555104733788367
0.776806845893764
0.8109081814047288
0.7817345122948025
0.7714125098661987
0.8391757913248802
0.8355511127462046
0.781629082861649
0.7754735446535849
0.7766801085457022
0.7805322067646114
0.8382602411409572
0.8512141661687349
0.7800437268158317
0.7931620064847007
0.7777244327957241
0.8162690714010652
0.833464994552415
0.8273167784910028
0.7949708968539465
0.7742501732620776
0.7905732780558855
0.7762049328489875
0.8309420906358762
0.7792948397524571
0.7852812857980382
0.8345827303676021
0.7772324942174629
0.7741188648400069
0.9394439925213062
0.8130758807924832
0.8107539056254568
0.8263183697105928
0.7761616176110057
0.8049767650916699
0.819885254356516
0.7759877156392155
0.7742424064748762
0.7806129166564879
0.7809502554196489
0.8023550396107464
0.8922531275185371
0.8066695887088003
0.8998516143320608
0.7795604020628818
0.8602369520118865
0.7764185641233995
0.7887359552349518
0.807833829488947
0.7739813275050916
0.7721570194725792
0.9251108271605074
0.8735952425638626
0.8398221059331555
0.8127376850227932
0.8364913880264929
0.8794664517025668
0.774033789969089
0.814447331158857
0.7788170151438837
0.8203607742972945
0.8382768308608199
0.8427299196648323
0.8189256008801375
0.8076344641521378
0.791659354378455
0.786833777396277
0.9086125522977745
0.9118756054536302
0.7997717487732958
0.8870011671208043
0.7803855922905127
0.7694395217927449
0.8096742869362618
0.7914337025183802
0.7925487699879057
0.7832475904501244
0.8633982372691003
0.7952415237831538
0.7705957556989897
0.8120101514061133
0.7893914579122222
0.7724557721202925
0.8452135116895809
0.838261012649273
0.9304946664436773
0.8069602887328555
0.8073831199770964
0.9094784625819293
0.8206096479235645
0.7683835794938045
0.7920846654443718
0.8108831847680382
0.7770252850079927
0.7661388361395309
0.8509329619704027
0.8228151998753741
0.7888777206498039
0.863016455049283
0.8847735366212769
0.7743840432676735
0.817080631670291
0.8015499350734893
0.9444923721198027
0.7826836368821743
0.7964120837850373
0.7820765244059438
0.8001214083915249
0.7988458945690198
0.7832696876144425
0.8748942729264346
0.7983754052644442
0.7966120890055034
0.8724165507343529
0.7901366571195908
0.8059763582777383
0.8355737806816614
0.8700116029264535
0.7678949939220401
0.7809383878599921
0.871047812373283
0.8550996566518536
0.7804946926595265
0.7925866015707194
0.8744862862729635
0.7628254240776056
0.8358643053334259
0.767957307695219
0.795443717834066
1.0019410777532078
0.8078228793370124
0.7733862101885536
0.8077922437859517
0.8729525434165287
0.877581548027412
0.7867955383343798
0.8109560095070668
0.8093250392079264
0.8017549469416987
0.7906182209557286
0.7642603234903163
0.7716132256238948
0.896609318953148
0.7771490604395603
0.7905732780558858
0.7743937636853755
0.8230674899787359
0.8368348689786779
0.7838267682134543
0.7616014323567167
0.7849158769230924
0.830477113906857
0.796624424665055
0.8217662357015117
0.7838038269224006
0.8098903630071247
0.8322063866338014
0.7772107837707631
0.8613105494854592
0.804454647455049
0.7867559268790276
0.8266024063047109
0.7836594278479244
0.8044064306423981
0.7686016954082562
0.7842117792612062
0.7795591360984839
0.7925923495490562
0.8137458547207483
0.8736199354905777
0.8340243323342027
0.8284075711961407
0.8973371615768577
0.8229858055987743
0.7853313689187675
0.827391047069713
0.8659114285196077
0.8091769238970947
0.7696057711462001
0.7958845054736804
0.7893266717945174
0.7780983939758906
0.7878863535678351
0.8103518567639371
0.8408235338889154
0.8156621862847653
0.8276841539375198
0.8154011867633477
0.7954111753571358
0.846127185774879
0.7706094891313588
0.7910155714944972
0.7854124210021663
0.7638289285500066
0.8794465775623144
0.7948237532527141
0.7699365974858127
0.8524622666661675
0.7882788009115822
0.770103917366463
0.79164907162635
0.7840333878273291
0.7964166809983624
0.8332636084914564
0.8212746555171658
0.8090522818249267
0.804440449769803
0.8097776723696876
0.8175804674040515
0.7754193024010927
0.7687358378168924
0.7899555702796397
0.7814246787239496
0.8171169798632493
0.8201387977437398
0.7741520629537398
0.8119941186033867
0.7763817045362048
0.7860689293076185
0.8550856605267445
0.8287877360207749
0.7967678440318036
0.8178034781292174
0.8753781258325961
0.8112008268385967
0.8074852302355352
0.8213196463835436
0.8445020721495754
0.8315471918770045
0.7694792824360452
0.8192944693949655
0.8350540747864225
0.8015219765123124
0.8330761098527769
0.8121403239717165
0.8110730808220168
0.7714875916400168
0.8153454105682005
0.7942365720179323
0.7802969767419192
0.8315614731008296
0.8129010441291775
0.8175773651694069
0.8238671588364218
0.8183793322599333
0.7706069685742782
0.8295768884146605
0.7755047436627532
0.8007858148535739
0.7679959605299003
0.8303533925178198
0.7807623159622893
0.8806080898151414
0.8035548016856214
0.8296223992636276
0.8173736122648109
0.84977486643407
0.7663576098121546
0.8508192444959392
0.8118566562653029
0.8015366048854636
0.7840297049573862
0.8051637088072505
0.7625464966694194
0.7930165162080915
0.8306302434110099
0.8052708482024985
0.8541846169499339
0.8868730673713517
0.7976359428809714
0.8600446973611576
0.7944460024582042
0.7895114796065394
0.7801927730481079
0.767387353287211
0.7716082454175166
0.7660547430176429
0.8074739566852746
0.7681708753694776
0.7897801084241102
0.8060458663960988
0.851418184744501
0.887589098923045
0.836091055381057
0.9097978892026004
0.8184861441495193
0.7803481704747834
