0.9037625619051738
0.8688604046050391
0.9241103937452508
0.9196434342096874
0.8948200009650101
0.8993503566178491
0.9024433629626857
0.8822578371750172
0.8882513825605267
0.8848418000877969
0.8740921968609433
0.8812947334776005
0.8755967507106013
0.8831125560302803
0.9368483215531622
0.8957760258192928
0.9158832459046196
0.9854877869442175
0.8855959435476484
0.9062626419020812
0.8765898697552348
0.9081776999815964
0.927345466536212
0.9391561577878912
0.887248066518342
0.975000281838134
0.9246433364001836
0.9022565094794743
0.8878197643727921
0.9371051716952655
0.9137469909959647
0.9141269313269864
0.8980681298462757
0.8794028382804278
0.8882848787955028
0.8906509718666081
0.9084379858541046
0.9077446203088647
0.8996313333457081
0.8994084907674873
0.9699374631505805
0.9229759627054851
0.9138952014324525
0.8967886260121462
0.9111370395506607
0.8856398714793917
0.8775797863422192
0.8863351000381483
0.9112517596282415
0.8936083835492067
0.865395595462775
0.9048960502520009
0.9071993941108714
0.9013029526438386
0.9099126452310154
0.8901915010953093
0.8867126968006286
0.9069325205850055
0.86394191047141
0.8600084455171296
0.8979735234819041
0.8885241691529272
0.94319336906231
0.9070050203757449
0.943882323489455
0.9825381408230619
0.9298448070094281
0.8960671829414227
0.8993172115585447
0.8803558941226746
0.9142758627969738
0.9145635796943001
0.9013289408938278
0.9099584759904069
0.8966483533934348
0.8718327742884897
0.8510895385636754
0.8652981913562864
0.940063813337578
0.8960464993966276
0.8688596954881909
0.8968025182176161
0.8971812676674263
1.0059761240402616
0.8755208043173408
0.890645146456549
0.9129464587794374
0.8968870661505111
0.8692733852475841
0.8653845600917668
0.9119093956574871
0.9509264539149037
0.8898322762538582
0.8931687113819187
0.9691900157758644
0.8774622024304349
0.8770068068402905
0.8944581292084215
0.8813455938602925
0.9412841497963732
0.9135997791181713
0.8812168383582452
0.8736953987648326
0.8999324495994131
0.8760045568644698
0.8729708494991354
0.9251603886282268
0.9075352075987679
0.9045939687181225
0.9146197861784562
0.8743668153143018
0.8692789851585051
0.9461024212368255
0.9355574215156126
0.9030618899058918
0.8805850272234872
0.8837993948235817
0.9423119966210202
0.9218364033273733
0.8676557704247445
0.8747346425390015
0.9036644557871576
0.9005671185128292
0.9017156937747238
0.8739068083482258
0.8867037528824111
0.9087579071308118
0.8985234980680801
0.9293427681040222
0.9267272603211318
0.8913412604712265
0.9647474766874357
0.8792454567135486
0.9149989226807237
0.9135054013130045
0.8869787043254537
0.9274436068530406
0.9640793356227373
0.8814384992749654
0.908768945808183
0.9356841584564207
0.8693188014572862
0.8841765995734328
0.8889575038619847
0.8858248099311969
0.9014152476291999
0.886319546998982
0.8723226158322568
0.8800849697799039
0.8795987187596651
0.9032681721110092
0.9513488611531649
0.8672140537340146
0.869849000851485
0.8954448334450901
0.9141627737064899
0.9217713215719302
0.8826818166917295
0.8638673766475682
0.8879051511093666
0.9088900676190893
0.8722008275329769
0.9363660392543812
0.8934150506348727
0.8861082972664909
0.8650060148530018
0.8833316704674103
0.955874862376196
0.8918265361079791
0.8961484146234288
0.8887100627157238
0.8946202775583111
0.8784298245773656
0.878707222850962
0.903171529963389
0.9275235934794921
0.9208878063728032
0.9015761875485435
0.9005802260501903
0.9094617364729863
0.9273256425567469
0.9302360727197546
0.8871668775491605
0.8889424569643297
0.9562182315644121
0.9143861618519303
0.8865447878771587
0.8930541384752891
0.9179301416484543
0.8697627938757201
0.9058705717659342
0.940103679024899
0.8803681997268347
0.9209461959559117
0.8806889439000546
0.8846779603654351
0.8990586405375707
0.8779157022620138
0.9215836168400253
0.9131020413889793
0.8666331959805115
0.8870932666746686
0.858713553404892
0.8673617059335856
0.8926964902508169
0.8619252254977385
0.9031408482596842
0.8747444368411041
0.9070765602971858
0.8933799519292067
0.8890376189404616
0.8966448508019007
0.8807924734140195
0.8634442300316446
0.875296747892358
0.8603183742972342
0.9205111780307005
0.9737854817279508
0.8877462324476041
0.8814068905064855
0.9481917542477641
0.9603739898367787
0.8980417850140541
0.9099016925482287
0.8754741898188304
0.8749558214100497
0.9434920263070659
0.872310960122949
0.9529973684080225
0.8920661448224485
0.9100662116914976
0.95235420507049
0.9059164450661827
0.9093574350231227
0.9224785407928214
0.8806434358765249
0.8874045282172972
0.9510450657986602
0.9092089295042824
0.9040064743364489
0.913802675864925
0.8933017259986998
0.9004439152840252
0.934356792909053
0.8847894480397666
0.8999076856183202
0.9283758990008791
0.8636749579722571
0.8610586282386943
0.8576952987698039
0.9165627198417401
0.9053595950933814
0.9049696657785216
0.9779966909284775
0.9228207433963719
0.8956160038037099
0.8903202969388516
0.8831448302073974
0.9007325894218751
0.8881990514156141
0.8778536743645955
0.9725145601083204
0.9434060403517941
0.9056059985086078
0.9177661065047232
0.9076162050150818
0.9040652651715453
0.890961264274914
0.9042603081463328
0.8812459151114848
0.9085559924167799
0.8808552471449601
0.8942080449051543
0.8989030555383147
0.8926376820063774
0.8817709497995151
0.901631328132109
0.8714561494042032
0.9614799576916718
0.9068458652566233
0.9292158809321511
0.9054208521022072
0.9180389155402854
0.8952103317185572
0.9050179056494678
0.9202271289900203
0.8810773920089445
0.9020490064024496
0.9022138742752814
0.8924825579619283
0.9361103357477711
0.9188553074688818
0.8902383355324139
0.8830107144528879
0.9494804125915286
0.913075435544219
0.874174309068715
0.8863929633360081
0.8746613905850231
0.8797362757655651
0.9127404010379054
0.8934982498278665
0.9163267776180567
0.8796318641534245
0.8725163323668583
0.9170086233053615
0.8994785597029313
0.879049586630261
0.8941645554759367
0.9558748623761956
0.874602701230842
0.9408766643376826
0.9102119673793748
0.8929240444763407
0.9473750357283325
0.8739913611474998
0.9069341241635314
0.8926520394344494
0.9187889726902589
0.9425617634947053
0.8798965387427049
0.8759484357464462
0.8896940576988338
0.8852007589562202
0.9159611043405691
0.8754427637904004
0.8723089776465952
0.8868442186468483
0.8848984141291629
0.8934461326341235
0.950238185726409
0.8708051134663645
0.8986928337357827
0.909776818712041
0.9512788661442477
0.865628985492063
0.864761795311186
0.9222519507975354
0.892456976789113
0.9258018428461448
0.8747589569985537
0.898302929839996
0.8559642097726639
0.8782754838015878
0.9175761878012056
0.9140647676535666
0.8930528543574506
0.8794587529199444
0.8849199622282649
0.8777910916924011
0.943609864129443
0.8674867986476392
0.8784371492086767
0.9105914059548471
0.9259593146219075
0.8556597153378358
0.9123283350470333
0.9105164690092036
0.8992783974744708
0.8758936075572774
0.8639762446767331
0.8860664175089459
0.8898973783303622
0.8843187428725842
0.8887912779276105
0.8844583515004244
0.8884679242071155
0.8722820625402385
0.8655824513532212
0.8812991482385238
0.8752166616082115
0.9041326059924167
0.865733107377886
0.911739435855171
0.9187869568843461
0.9338826509263162
0.921895517097168
0.8998030641660952
0.9097091577886096
0.8895839365591831
0.9698260545113113
0.8882801930502854
0.9058324115134626
0.8862805598866186
0.9104277115882136
0.90569676374131
0.9187526151384607
0.9107269053908452
0.894356085665656
0.8947146212573521
0.8890394266517857
0.8979578822638572
0.9112772502186023
0.9078257454622126
0.8929918009845428
0.8965379611395871
0.8951346118703772
0.897812211809221
0.8796696546037459
0.8848336309830661
0.8668118465187149
0.8943990062183325
0.9855904859862182
0.8669992691158775
0.8697991522953964
0.8602420522084729
1.0217452461011607
0.9212450024048605
0.901621997730429
0.8963933181301436
0.9050453295002088
0.9130590089211535
0.9036487931758533
0.9365385129164802
0.928171872250749
0.9086141106696995
0.9132928910321786
0.9137447271786414
0.9243865031704148
0.89488506252164
0.8802968003378226
1.0190719962682262
0.8822054621020605
0.8724326826860666
0.9001151601893767
0.9057782255557637
0.9085396016355031
0.9140732128056829
0.8948976056486639
0.912278705499224
0.9183227868195768
0.884660304539828
0.8803436302931817
0.9004499249880962
0.9333911861698233
0.8976478279474961
0.9187097332433857
0.9038363788966336
0.9262836587903421
0.8963329258115423
0.8585002957621051
0.8604026961672502
0.9218311782776725
0.9208862956920074
0.8879167593163152
0.9131768708393927
0.8963366520676832
0.9394209918893677
0.8798159336726056
0.8767834470344807
0.9093875059504132
0.9162340671937768
0.9143528638364684
0.89819477619388
0.9687072043856204
0.9569556493845984
0.8950375498878016
0.8982330061775824
0.9627574840210392
0.8850090615438931
0.8737004192139234
0.9247684600141078
0.8737962786318944
0.8784270016733188
0.9381237883447748
0.9037166717927057
0.8839638524650089
0.8871114567132203
0.9200356290162968
0.8996721702713639
0.8767372332933435
0.8997631574826204
0.9189606230597694
0.9026560872941631
0.8903574524570953
0.876980720265533
0.915717286867201
0.9013047350504801
0.8546439032354313
0.9171921975793336
0.9446682415774977
0.8939148712646857
0.9220173461541776
0.8882061111985592
0.871181105253919
0.9140254151125418
0.9210210414048445
0.8868848045325245
0.9002721127197878
0.9488724551720416
0.8886243433746263
0.9252158771645745
0.920709728189476
0.9229988230080575
0.9334919503705876
0.8784199758825183
0.9442815497722982
0.8780658792828036
0.8833214299781887
0.9088574607584847
0.9322524834278582
0.9438794044886705
0.9012119348023376
0.933904610662072
0.9206492488407321
0.9582747150427956
0.882360845483661
0.8921867494184987
0.8664907874443187
0.8723896482170727
0.9747177108161168
0.925473270857271
0.858926020674684
0.9188346512894925
0.9141803179911276
0.8527866298184746
0.8731668549839786
0.9300524224899966
0.8760154531001424
0.8757148437252985
0.8582429737070197
0.9167735672120692
0.9178321296555314
0.8908993916953366
0.9028813923106039
0.8951603389391464
0.9285715362485464
0.8889357788213097
0.9321698443092779
0.8973121608016825
0.8879675018879019
0.8974396471323097
0.8753710798124096
0.9451086482526716
0.8705592683060039
0.8707000599209267
0.9779347940244825
0.8940668207642988
0.8733656030898831
0.9147521239992337
0.913291190362092
0.8785500545259957
0.9010040839371893
0.9236808336430767
0.8745558217779672
0.8815347138100086
0.8674287748863988
0.8869366360744512
0.882476936437592
0.9181985070740601
0.89349830642757
0.8771339395961728
0.8795047618070013
0.8604802778530318
0.9241185398481246
0.9132630931405705
0.9542266958307624
0.9180247495690331
0.9170625021634695
0.9095780414662992
0.8726706666844363
0.8743968875390692
0.8915099847461762
0.8951406156323952
0.9021258058521063
0.8696347209867399
0.933106937143264
0.888728238739784
0.9047654615104113
0.9013428955417728
0.8919745113669878
0.9018647482013735
0.885492421269045
0.9155435712685087
0.9211658003226438
0.8932845022912149
0.906394904036435
0.8887144832142371
0.938696104292159
0.86465975527387
0.9841308041889125
0.8540374554516518
0.8739656283672211
0.8987546767301968
0.904243222039018
0.9259038437871864
0.8880609089094889
0.8952856151676004
0.9439973084803296
0.8772295498805703
0.8985802536219143
0.9394365176746308
0.8563281123944089
0.9261718238643675
0.9016845581924037
0.8878342712105111
0.8904959102800737
0.9154911384082244
0.8948662041881308
0.8800119621580809
0.9080651489183126
0.9467922513623851
0.9086553464037329
0.937419127110245
0.943292976325982
0.8593365996042006
0.8900784459697667
0.899787135814921
0.923470395768057
0.9138415071576148
0.9049169038051587
0.9182582891547604
0.8892235594691064
0.9065264942974425
0.944841898228289
0.9352512204348136
0.8553646088330821
0.8713632626643386
0.9041563963930997
0.8722374997313668
0.9040648662739807
0.8846358322771922
0.8678843245737119
0.9120877968051405
0.9056014503182938
0.9042121821851375
0.9008996064058266
0.9215555180011841
0.8761981902349106
0.8921168662903073
0.9537764715440695
0.8892499381507669
0.9841134276106521
0.867229433961592
0.9036162603484912
0.8866374903232025
0.9264483155076739
0.8861604664311009
0.9271945888949378
0.8820692379970186
0.9099493108776119
0.882154275442658
0.9236138277371752
0.8744225583854576
0.9007625320736261
0.9526089150924026
0.8990685556296003
0.8741296091306807
0.9113628209593838
0.875242229687012
0.882311434035387
0.9332033308876706
0.9439959960033413
0.9138025408470887
0.9640959912583699
0.9163897900058854
0.9911258655008305
0.9299666963161722
0.9039698480629861
0.9996356935867062
0.8732987132618846
0.8571274134553372
0.886128593237704
0.8884337960903577
0.9461428575540421
0.9163109106737185
0.8811953191092424
0.9257756625932039
0.9005063046542864
0.9417620511369805
0.8779053373052399
0.915726328835163
0.8908307722476698
0.8743375192461103
0.9110167364602775
0.9171730080140601
0.8794866707259579
0.8879154863996692
0.8566135346117087
0.9191483619413224
0.9202563746448185
0.9384177909375756
0.874321801764706
0.9169009611775178
0.8850760400375737
0.9559891364378035
0.8931382818627278
0.9167603907917145
0.8820750281137976
0.9138990609452254
0.8655307487269845
0.8761529763102014
0.9141586572049684
0.9118329510254455
0.8985822515896509
0.9269274002797023
0.9094043907208553
0.8840210144834895
0.8855053899229773
0.912476054686768
