1.0574120584842646
0.9490552767837009
0.9738456018467534
0.9735257161529365
0.9320999500288644
0.9075982218709695
0.9937383221782146
0.9436489098418617
0.9624140733706565
0.9787171532348375
0.9859529748012162
0.9512467691846
0.9371442663278189
0.9011463278186747
0.9874153404072211
0.8957441881752749
1.005713169578211
0.9154303436009297
0.9796609154104314
0.9574800314302621
0.9625032821378645
0.957016159084102
0.9176840113393315
0.8952567949688754
0.9521164189194578
0.9830079585845896
0.9478294936814416
0.9886939720102595
0.9697436183226956
1.0042523868458142
0.9087707470813629
0.9800770971154179
0.9821786970492151
1.0177824516501168
1.0407170487448754
0.9592416104614858
1.0262736239403552
0.9936644876394247
0.9151884445183434
0.9848785972509762
0.9817243079504114
0.9967383077409844
0.9948262514120609
0.9716113843175564
0.9506428615881876
0.9795603226568745
0.9580618931960617
0.9657687331802184
0.9132185729557133
1.01736636998246
0.9365722383551742
0.9880495083246369
0.9562116358206867
0.9907549589136659
0.9569625987044598
0.9426965896224914
0.9297848746356144
0.9878073282635299
0.9756145860702805
0.9440005494712543
1.0490783905052141
1.0139402868917504
0.9672083917922875
0.967587312407325
0.949653196699763
1.0004701044807698
0.9885365713377475
0.9156537221177765
0.9580900975676628
1.0723863755092657
0.9726909035553906
1.0444169087498316
0.9409291612301494
0.951440644369091
0.9678867995544109
1.0294953216459723
0.9868666809497795
0.9917344407317548
0.9227792329831483
1.081507147381233
0.9863315498143287
0.9847821441521729
1.039696343602117
0.9766903197791676
0.9129918478587348
0.9805039516085249
0.9386444595914901
1.0509443334992006
0.9926164231157009
0.9272176287504499
1.0681797361007506
0.9609915634586069
0.9955817187817075
0.9781755616737502
1.0358255763860327
0.9837761273974239
0.9706812867025532
0.9805275789007126
0.9320130501090779
0.9317551204264624
1.0151548849049095
0.9457962341138745
0.9845991677978642
0.9550553578780191
1.0192960053821642
0.9628741121577948
0.9573804316171222
0.9542805001263367
0.9662708051809488
0.9489311996673421
0.9693309973043732
1.0402611024815924
0.9261088430406369
1.0101961960924897
0.9268441864942564
1.0246861055010488
1.049234400842306
0.9428440242852725
0.986232294687849
0.9545085640437664
0.9789815031670781
0.9611854099565524
0.9877466382166132
0.9671429409041362
0.9035895672848072
1.0049364111485082
0.9553621201452801
0.9967191996471843
0.9745501904074025
0.9388624479795445
0.9675235602905983
0.9743761770996613
1.085012719837232
0.9894155007141479
0.9096471471251091
0.9833090651429579
0.9588641855698395
0.930550595137675
1.0433271802192348
0.9572283190342132
0.9954546630370319
0.936472314758862
0.9323023303418847
0.9812236401174469
0.9416504055079036
1.0132593757301207
0.9210068699217401
0.9511205116517608
0.9320281831200873
0.9326209172311651
0.9348722634375374
0.9669583419944863
1.0104002947949375
0.9648719760932136
0.9873920095899008
0.9794213330299016
1.0171781871543382
1.0024126442340688
1.0013431427332495
1.0117552201866387
1.015945302623422
0.9697615362416635
0.9575112034365127
1.0346085518037231
1.0374143443996433
0.9577397325432003
0.9345282245456358
0.9673677515789573
0.983904957203654
0.987438795229507
0.947093054561905
0.9858649795323631
0.9258610232441592
0.9579170645856581
0.9736570637023375
0.9442680220675682
0.9651164548741878
0.9193400238961462
0.9792017345498646
0.9577428631494881
0.9630462439669919
0.9549305929829631
0.9497104088300932
0.9728211625245649
0.9614882363116062
0.9580797565017651
0.9537093513522135
1.0063452178621355
1.0248700226474736
0.999472422011476
0.9306561374535132
1.0244332091085966
0.9980351992678166
0.9514134629148226
0.9337262864612828
1.0018566720795141
1.0446783311876164
0.9641846588394104
0.9556690461745153
0.9852172869547797
0.916122168272333
1.022293421068984
0.9568659957476239
0.9911042052021595
0.9713968466690538
1.0015751474979786
0.995027546045049
0.9700287150710178
0.9667726763732893
0.9198475551757914
0.9493613645453884
0.9674447810842508
0.9083930713713998
0.9894500355976903
0.9839136929512424
1.001094770319543
0.9344804569745255
0.9219709528246488
1.0392700804129142
0.9775350673863124
1.0638366352701019
1.0060190627564727
0.9342380176859045
1.0159175537958824
0.9593711578351521
0.9923525613644683
0.9551611840619904
0.9520167616864142
0.9534473654263983
0.9279519681434123
0.9402414688863503
0.9545945655773427
0.9767106138331874
1.023232327845241
0.9781845663335902
0.9947190593279218
0.9388327275544996
0.961023643143385
0.9007898408032216
0.9682580739023119
0.9385782176877849
0.9954352490847563
0.938574658303492
0.9731582102449768
1.0772595568803403
1.046880284221197
0.9756951000384327
1.1039071097132316
1.1537833129814203
1.0201715705887349
0.933567289474849
0.9506628977173237
1.0004699563378727
1.0350431464419658
0.9557117556215078
0.9905383093149076
0.9516239810380909
0.9927833992664821
0.9132526888432834
0.9957126559634207
0.9640078171625763
0.9667621415279575
0.9351360639396233
1.09163409899504
0.9227323561701162
0.9466619553748652
0.9433207675439155
0.9012378458404071
0.9816663075188322
1.0244067690233756
0.9533134149390262
0.9513367573652268
0.9759955571284443
0.9588989108304455
0.9670277831492723
0.9259384463727743
0.946653230353254
0.8893994999686268
0.9411221225614668
0.940892039482837
0.989879970321544
0.982540123419463
0.9995068799822525
0.9656057105369908
0.9400265884603618
0.9337536610707877
0.9772878138967394
0.9552626913350581
0.9690899023873281
0.9732064240038182
0.950934444316615
0.9402437119341136
0.9852032458150438
0.9859818937526069
0.9697434478832749
0.9635032126938273
0.9432522758275388
0.976084950756464
1.0331375425513787
0.9713516166353122
0.9813461867151034
0.9277116673054225
0.9261104793491416
0.9310665728167328
0.9681104887194251
0.9490307341728315
0.9995104178598982
0.9838202371110617
0.9900963236343799
0.986659889623791
0.8995863830648414
0.9803966199702596
0.9593252290815297
0.9914861936811272
0.9754353356231221
0.9765695801968395
1.0517277348995162
0.9750114349722291
0.9502440249114091
1.0159275329378603
0.9547367770894044
0.9038290174974973
0.9479083387015104
0.9545412744322889
1.0110343887683408
1.0108508895966197
0.9665156917685155
0.9697548995084226
0.973842413381481
0.9885730248501279
0.9969587594101107
0.9221962017967583
0.9999788200025874
0.9134460150615681
0.9314474230061043
0.9477752811934329
0.9353974110934632
0.973344674634076
0.9530850934210517
0.9767152069683144
0.9668680661564867
0.994256740686098
0.9832727391515562
0.9726214290859833
0.9428640328348619
0.9836877248766376
1.0255752470060062
0.9690752421471438
1.0732982420945225
0.94426041560533
0.962172708263811
1.0876858769171427
0.938876296377859
0.9818064398733671
1.0038247960321878
0.9451016236980947
1.0075057038632218
0.981805173978999
0.9263422383547144
0.9732936861998842
0.944348532041543
0.9715311883093621
0.9580393201951218
0.9665178995204001
0.9936114690864962
0.946998449521588
0.9487295872565871
1.0387768758047404
0.9643228998526036
0.9519723868062715
1.2033501462149907
1.017424596124924
0.9489162318880652
0.9059671176983468
0.9892870110824583
1.039348707683398
1.0346933884427618
0.9372403902043407
0.9313146838224415
1.0091072454103205
0.9082892214847526
0.9900056964927945
1.0001888111187687
0.9100332425024953
1.0525079181776675
0.9905283869131758
0.9759743851312486
0.9679672760940025
0.9570185423149422
1.043689156214233
0.9318602899245669
0.9763162942055403
0.9875687043916296
0.9386996177696559
0.9707010497055011
0.960328424785823
1.0458716060430828
1.097908243175176
0.9469787115777215
0.9489761664511718
0.9737735741032559
0.9461222692495568
0.9663336481853048
0.9893134457885779
0.9706462471498014
0.9810408943217137
1.0003575334489325
0.9190354645698402
0.9767289178000794
0.9376838837277724
0.9072904954222922
0.9810360405718056
1.0637323889489196
0.9719985034785381
0.9929205732540387
0.9311645235311284
0.9368876267360615
0.9470349822141727
0.9823011609138215
0.9945573850689429
0.9388323316305318
0.9660530949716727
0.9266262215964475
0.9599918529238116
0.937542468912254
0.9713335949355443
1.0166412065992618
1.0054197790678778
0.9640245309763342
1.0250961279456834
0.9536419192231909
0.9512343913773383
0.9739677982059539
0.9831566262018004
0.9769310677521204
0.9945986027288908
0.9964673773910907
0.9370236667684142
1.0442553711519327
0.9610192190490205
1.0406339882481457
0.9525902423918274
0.973223012658698
1.1249189959232977
0.973782508987089
0.8979743920736629
0.9493055553723091
0.9709492207866552
0.9556394796500128
0.9931081327194
0.9444034702733811
0.9885777752583955
0.9401523025723771
1.002557996518747
0.9487979265908513
0.903006533093953
0.9628376857481677
0.944824512723947
1.0722946117499772
0.9585968468490131
0.9168274794817168
0.9202780024031811
1.0176209526442648
0.932172637489722
0.9693408598431192
0.9441411997532503
0.9412828305255748
0.9218008341457729
0.9942546403080157
0.9065734778652675
0.9275640155653716
0.9489755377602979
0.9506984664214122
0.9420799003200127
0.9471009217121313
1.0284996979650165
0.9978297580981526
1.0343694301442379
0.9209666116985069
0.9195815794925745
0.9342851827040682
0.9709072285281695
0.9196808781626414
1.0436185512855503
0.9200783694154864
1.0070546625352537
0.9489341734670895
0.9656458073167724
0.9924102033296792
0.9157089295477163
1.0070661263437715
0.9481279967125504
0.9692297185493903
0.9741658431863729
0.9424772875019348
0.9292569988437532
1.0357687363611319
0.92514817993918
0.9423864882231707
0.9828002321735709
0.9399879904006943
0.983184803919654
0.9396834328329012
1.0310941618010045
0.9689890060726513
0.9630437920252886
0.9892343615943441
0.9457843235583577
0.9725566057749041
0.9892992115416612
0.9708458451093389
0.9611187338743472
0.9516269912386006
1.0163654252301448
0.9879581341768543
1.0497094785903816
0.95336730996155
0.9055333413831408
1.0118903363363996
0.9611546119520882
0.9667121313820569
0.974205828808829
0.9863638738675731
0.9898358031191552
0.9413168226097515
0.9742949799663425
0.9492120765665645
0.9883002275406454
0.9229249675045462
0.9428954611390425
0.9112699916471659
0.9978624204060228
1.0047753749060548
0.9137309243615951
0.9286842823965314
0.97510590929563
0.9732257879522926
0.9767110142233849
0.9714553147679443
0.9296221557387454
0.9260822001664994
0.9916662951372716
0.918859388010921
0.9514672115965882
0.9778659349828089
0.9501699216292768
0.9003467855404809
0.9325879000268775
0.9584315698974729
1.0497521355537693
1.0003224427073056
0.9615234408081406
0.9522882251686633
0.9445679231939804
1.0642964225890545
0.956904381520152
1.0135051450338268
0.9322117091581242
0.9309784121836004
1.0120670566910877
0.9164298733369813
0.9745506405210798
0.9641835575135803
0.9517462282233609
1.0025025316691045
0.9916518101309302
1.0432662255177292
1.0110150337448929
0.945058657719965
1.02634126168918
0.9352610892461456
0.9630019291784729
1.0128320167167564
0.9559163007006141
1.0820948446739833
0.9619806675491845
0.985084941230796
1.0390422452182646
0.9579225428267433
1.0148472362183747
0.9549042627454313
0.9470067645591107
0.9610410569312661
0.9299052518266759
0.9668003211139969
0.92000690997404
0.9759901044501226
0.9958825655580014
0.934508337287901
0.9845845411363263
0.9484508688200334
0.9960608244754529
0.9189381119067971
0.9693857688532419
0.9196182789278884
0.953954090281967
0.9841827828766532
0.951078044554567
0.9453763400867333
0.9523309748509292
0.9437816985769192
0.9708245475566037
1.0955973420151643
0.9428148415085105
1.0012258486061036
1.0148469616080729
0.9425491998237527
0.9685958327784248
0.9839805650607393
0.9593098587727389
0.9581874812376876
0.9980419308756852
1.003465851478683
1.0333783371599277
0.9518017721837437
0.9618404257777603
0.9741515303302245
0.974573584484638
0.9488533082265527
0.9555016971986552
0.9879348208201476
0.9623800088170008
0.9265020892903764
0.9136241908168978
0.9610633750745842
0.9621259730632538
0.9396132390424624
1.0564759563659178
1.008135702135456
0.9161370667618494
1.0353600347044047
0.9986280853838885
0.9912809787422432
0.948845694954936
1.0487064906497763
1.002860326179161
0.9427001596669278
1.0619910657130278
0.9781524962118772
1.0058425136550753
0.9669076331513651
0.9721580228331046
0.9502207327086957
0.9613592489707781
0.9698057983588816
0.9830161668238594
0.9947900583513952
0.9911500503265431
0.9539079510495349
0.9477350887162944
0.9951019312439512
0.9186839833398169
0.9749518243457266
0.915590616508045
0.9265897744368641
1.0731285929139565
1.0214581790636
0.9761823052391191
0.9462806080265643
1.0458148372943106
0.9661594496580886
0.9632545052477735
1.0070681323679123
1.0007602441062005
0.952786583478986
0.9937165924892519
0.9464297515635671
0.9651436280226598
1.0381490699836904
0.9949460512107269
0.944190269606611
1.03834649546121
0.9180815374306331
1.002891533726768
1.0028719746684382
0.9144075639049871
0.9496281806070993
0.9960237716813733
0.9822561738215682
0.9751194349987004
0.9999775031031995
0.9407526318645195
0.9651746741056233
0.9509066497349038
1.0224164148380304
0.9560305585300897
0.9702830217344958
1.062360927779924
0.9345238045365027
0.979068110472441
0.9845999049383873
0.9661410403680253
0.9957929631853268
1.055590141131805
1.015913895698302
0.9756859910040732
1.0765253809707303
0.9515747900666115
1.0153942889349903
1.0155506619586872
0.9578244755750888
0.9640700459169224
0.9601186875436821
0.9810212224679098
1.0211855215188796
0.972492292145317
0.9074406790628071
0.9691584809515712
0.9515936527803939
1.0094262508613596
0.9491543555239359
0.9586192278038668
0.9289135206852163
1.0778228853990026
0.9624842563179317
0.9940681217349951
0.9282107436963238
0.9201569854376728
0.9478571514916686
0.9918436656957702
1.077819579002022
0.9998256204302194
1.0292057767061764
1.0019217468954444
0.9692845988129
0.9891466047751925
0.9584649573907836
0.9372305726641874
0.9858805477260149
0.9461310991988309
1.0026944240871936
0.9416076116286942
1.0532472797675019
0.9853460460256425
1.0092455955467652
0.9828932996090669
0.9471802515933756
0.9920882862199943
0.90166409761744
0.9607286404001177
0.945644236130796
0.9898593410386222
1.0176710146145995
0.991401715186085
0.9343881336876787
0.9652820161964613
1.0007956492685235
0.9657366447408489
0.9557095293132418
0.9760845921366689
0.9534439214865732
0.9348817588698165
0.95854837680568
0.9797713235544875
0.9537982648902773
0.9578197920360767
0.9658540533957709
0.9626892144509406
0.9953828104957075
0.9440565634513223
0.9419315264206134
0.9469060591584141
0.964427552929595
0.9706346678319491
0.953725426399077
0.9402239110346327
0.9504005705104981
0.961749804472869
0.9741026010551429
0.9328548737620468
0.937384360425828
1.0275391798209736
0.9317080186293887
0.956643120050819
0.9263093657450496
0.9919793307824648
0.9814136825615313
0.9978955666466408
1.0000417127898054
0.9481050376983329
0.9730508425831227
0.9628562650290879
1.0324414966984203
0.9686689799047399
0.9886841005984723
0.9513143378549187
0.8973757029066167
0.9924501905701274
0.9715364177817871
0.9226396335487077
0.9478604069020338
0.9853355859946785
0.9623727197797824
0.9661334671492834
0.9578018628469431
1.0312648393885173
0.9673596753577104
0.9454358660840378
0.959342270596536
0.9796450956455204
0.9828350617398595
0.9996706946899648
0.9567544525430733
0.9360318713257896
0.9225121870723545
1.0486824283427727
0.995964232753748
0.9577977907087167
0.9723708793448942
0.993476697273133
0.992299016005475
0.9763786519304537
0.9557507283599549
0.9625315584126676
0.954389880391512
1.048637813452827
0.9301610669299426
0.969452837389024
1.1588319939500626
0.9434907909769892
0.9342129884566066
0.9411366086043821
1.0764122947916268
0.9751569891053712
0.9649647415320856
0.967122328409517
0.9637396507373426
0.9778578204255273
0.9826902158947146
0.9389555329455186
0.9489297043136542
0.9693951974707028
0.986542799338471
0.9634204700812626
0.9662081830458248
0.9428558480454688
0.977935191691441
0.9876208385485864
0.9948951904790424
1.0838769007360396
1.0824260678709388
1.0108528757236481
0.9387559700639417
0.9026219833909979
0.9382927047824341
0.9465638402708942
0.9787578807719832
1.0006542991668834
0.9614293716437058
0.9865584968300873
0.9964343482704195
0.9753977046592498
0.9441179022949259
0.9433978341108263
1.0047274261866777
0.9384379252956884
0.962483500075815
0.9645241682729964
0.9711353752782088
0.9971519197342297
1.0488973529988237
0.9764653249705443
1.0083155407799056
0.9683285554227798
0.9510543279173203
0.9573488169004667
0.9439718038556926
0.9588851993593646
0.9495227831990647
1.0154245234025039
0.9982593032071854
0.9837274541152761
0.9276103108154967
0.9034540312891817
0.9969975865278329
1.000828453030851
0.9480898048708439
0.9359244149727343
0.9477017868715738
0.9579670857724999
0.9636102414380989
0.973137007510853
0.9802030553317205
0.9627548041336093
0.9989197093364836
0.9293294327929676
0.9481535857957915
0.9418296073473217
0.9621263208916806
1.0140060193659624
1.011377952160944
0.9987482230346882
0.9857129074248682
0.9984419017733852
0.9431168936575319
0.9269886580680692
0.984482864627021
0.9288105151738559
0.9620684709870049
0.9435798320971972
0.9148076663304445
0.9701656101952875
0.9607111828207217
1.0453950316837937
0.9516248638846854
1.0652701849122195
1.0265291425148866
1.0072757584637988
0.940325390453759
0.9705856726983388
0.9321045033552645
0.9826175861310822
1.0341686420384943
0.9936098478956714
0.9474647040298724
0.9804115680820421
1.0434191637785197
1.009175642657956
0.9751076459496404
0.9786640335739883
0.9878295638206689
0.9533122351465371
0.9498268962167331
0.9541043676917085
0.94379062233379
0.911418732305224
0.9856951377706084
0.9874090140162562
0.9342874009626037
0.9310022696836969
0.9644737446715678
0.9551892391236546
0.9454279341880332
0.9754990321845636
0.9530925712126824
0.9600476576167875
0.9509645811041632
0.9540376818692543
0.9747673288335342
0.9936877694177427
1.0977086130419647
0.9580403343372724
1.02992895423289
0.9462340180264197
1.0207157919635814
0.9583743264876042
0.9513538237439155
0.9658988251060395
0.9665381112871283
0.9586028148598486
0.9314870846858055
0.9270199798582589
0.9594199981264786
0.9243845129772927
0.9504795047162788
0.9666732214014584
0.9636091244500503
0.9491009433011237
0.9588687817189642
0.931009981919997
0.9920366230100809
1.0306080802127258
0.9452732502784066
0.9834376976942228
0.9607765023920485
0.9629291569212911
0.9914973855004786
0.9256722851299894
0.9670368574661462
0.9916641805808069
0.9162937721772212
0.9662700342098143
1.0330192325901455
0.9316339766201477
0.9962113482451436
0.9285078409626651
0.9417186595151885
0.9417895949318235
1.0487566792756262
0.9368440358867195
0.9579129157116003
1.025965933355093
0.9902023709312401
1.0099135736897786
1.017304097151285
0.9507009038744437
0.9934641155345186
0.9753959347960031
1.0015143919036404
0.9233687482346694
0.9298748805570747
0.9638368316493098
0.9261372832941467
0.947255171633511
0.9151252514263511
0.9897992434375197
1.0335467213847502
0.9579019566123154
0.978879134224584
0.9830052431204588
0.9490010246627444
0.9005739768672899
0.9693337633252292
1.0323983454915822
0.9203918105620533
1.046619618936712
1.0439275414044638
0.9585973574388476
0.9651181368426313
0.9457592505723343
0.9739623028857386
0.9613992549589814
0.9958482287636152
0.9680852581259778
0.9986582521464175
0.9567244140835173
0.9735403897848519
1.0220656623370166
0.9308230034231911
0.9629806990921272
1.0303904968562454
1.0117617606068687
0.9672048236686994
0.9139898355298143
0.9968150870080643
0.9181457676855019
0.9369368428939351
0.933422972427913
0.9729401989014008
0.9375875412267347
1.0273043281092071
0.9801360955693474
0.9222709683938135
0.992719686480956
0.9445750042545401
0.9451809649316354
1.0001917770529116
0.9507841277385765
0.9947865811598374
0.966265776374807
0.956591294900287
0.9680228744964549
0.9473481269169306
0.9265905039304535
0.9604683302448757
0.9307646038148241
0.9501081217072582
0.9248403939148699
0.9879465135193288
0.9603964391260464
0.9316916921632522
0.9950732951912103
1.0064825450635362
0.9627695797102264
0.9495122116906184
0.9644859010038032
0.9338836347680326
0.9995269151873325
1.056762216109084
0.9581604320791948
0.9848924198865765
0.9308968962715695
1.0027136377710029
1.0020018072016204
0.9911511629069726
0.9095332938234395
0.9674812668380556
0.9521167040827254
0.9869901421129593
0.9362022514525447
0.9849319858141081
0.9652746707270932
0.9985034194240073
1.0217364042494896
1.018270477123474
1.0119277876437136
1.0679084799615504
0.9644353355695691
0.9661028641061201
1.0154084896431865
0.9697356919337304
0.9564971053433873
0.9747815447542733
0.9518350065692935
0.9227051476285468
0.9463659734458933
0.9582912411475235
0.9787750066706757
0.9858586335066484
0.9735593719444866
1.0439600208529858
0.9590726246056813
0.9259465479217655
1.047170721754211
0.9545396923643421
0.941828698160199
0.9415601631696043
1.014683339117849
0.9303082125830714
0.9387250903596005
0.9623950011743523
0.9803556663277435
0.9912392878546535
0.9803696879612795
0.9751401982951495
0.9608149492534476
0.9933382552073834
0.9914183038503132
0.9460568359528951
1.0265312845925345
0.933743470942804
1.0170734866368674
0.9791000324430204
0.9577287360940794
0.9307187797591712
0.9490500981851988
1.1036873913461565
1.0643659831307195
1.0351023925773584
1.0229288877402667
1.0294023420360165
0.9545219035476556
0.9877377013288745
1.0271609242457886
1.0608186542306273
0.9455426630916224
0.9507900328968246
1.038309501156289
0.9501671539013744
0.997223835889911
0.9622831387632365
0.9793570903505743
0.9901517653450383
0.9499411577206431
0.9851409982158956
0.9824524219075673
0.964127540386425
0.9208001585323432
0.9190693478296806
0.9612235792875296
0.9429477006252227
0.9756794848099783
1.0224199010789645
0.9100970491582988
0.9673900048648048
0.9149455977401955
0.951863874842688
0.9378582786428493
0.9959290071739797
0.9915612205652928
0.951073949115416
1.0560714042003332
1.0041708781937912
0.9996406152932261
0.9435596887583989
0.9391352555907434
0.991594491672798
0.9578935198916101
0.966863142992722
0.9585301093927296
1.007671096745284
0.9385350785318027
0.9367258256976688
0.9432079457406156
1.0045354945103893
0.9575788444666556
0.9747372131714037
0.9210201066962128
1.042305091793568
0.9531227923655806
1.0479336266763026
0.9609303910958422
0.9384526836611771
1.0238443989884976
0.9978382694822457
1.0091099143041138
0.976436849670127
0.9452298552895035
1.038040479590611
0.9687640577174915
0.9939187410196216
0.9533895952308327
0.9625011272544409
1.0550344991907306
0.9164875877824392
0.9599529166786137
0.952143606039803
0.9578112672593624
1.0008459310516793
0.9256727340012606
0.9839164461443537
0.9672917181282382
1.0172783749593404
1.00209109081381
0.9622370903234669
0.9903570415428488
1.0007803529867443
0.9558786331483293
0.9622054857030031
0.9484202760973799
0.9529689031776699
1.0498331864357842
0.9824952116714689
0.9701142036149988
0.9799294390866956
0.9800851116070372
0.9628478351587644
0.9380718880334071
0.9702490953353066
0.9379765259207752
0.920691298651861
0.9577241079703294
0.995507457058692
0.9957385781436021
1.0332823716524244
0.9593527969799008
0.9881896656245202
0.9939162676719742
0.9743603129137475
0.9693721984976225
0.9474842132037367
0.9362472416164245
0.9600190344503834
1.0200279274378337
1.0344975764386741
0.9500893323591004
0.9689622304627403
0.9579783795536001
0.9619342051790944
1.008758010001453
0.9589903534456028
0.9459503272403135
0.9423719668765747
0.968367822260824
0.9720902084207084
0.9553045886185246
0.9994843638300155
0.9882769793424265
0.9705791036418933
0.9763595243200037
0.9311135651765338
0.957009895543284
0.9039768207153974
0.9476215435317495
0.9400102875608316
0.9600765286193402
0.9092050371886042
0.970974834978699
0.9865170790198496
0.9698872024828896
0.9825036734592327
0.9935945139194656
0.9891605116802039
0.9982344774628251
0.9649446724720563
0.9852586179704612
0.9236919567903543
0.9180436147194972
0.9779940873700854
0.9791578849161642
0.9824750202001133
0.9658043606175647
0.9312263725920689
0.9678055200519385
1.0088358123996082
0.985181441202635
0.9527491821965919
0.9675749844444792
0.9966594240348229
1.0113905291474845
1.0638389625594133
0.9767628294359909
0.9592584457921239
0.9311057456287573
0.956669228337589
0.9390889267680748
1.0278033293644109
0.923984843445005
1.1462963489773133
0.9648324053584588
0.9847939812037052
0.9626173257807975
0.9515559345258319
1.0623644065326374
0.927198980876815
0.9865375383622043
0.9910247558917605
0.9784935302916646
1.0976081304549707
0.9965827024117819
0.9338110296626656
1.0253244054826454
1.0436671793716976
0.9824122470909612
0.9103387500698403
0.9566171740258922
0.9227839384709507
0.9380564233372208
0.9520730844664438
0.9679401174053792
0.9404798507639103
1.009661813998292
1.0077431595250594
0.9432398267925248
0.9412612154838828
0.9957956172840405
0.9698117489386667
1.0285732448653915
0.9652507900831684
0.9830911800718924
0.9708914330327922
1.0479322738032457
0.9543276665186666
0.9510371826166772
1.0201393524502982
1.0271676503345188
0.9881509461930752
1.0084254028192474
0.9393991095996791
1.0121927460729105
1.0786784744850668
0.9856546318121191
0.9861756089368046
0.9652208649408671
0.9551734231904928
0.9892568570066052
1.0232056297788508
1.0672445270374655
1.064950893952731
0.9902376074641526
0.9843073610476526
0.9140963199676372
0.9847473249399842
0.9803455718148665
1.0225809573660796
0.9626099500630947
0.9801050317777348
0.9952207184413517
0.9723518554737824
1.0356311979139035
0.9753637309419915
0.9933337586035031
0.9785925186080846
0.9669285254478084
0.9657488717774425
1.0111766074515485
0.958514870897669
0.9399525533356894
0.983436558484464
0.9226637992638678
0.9205668103451532
0.98757051739505
0.9483947550542248
0.9775426003525388
0.950337212681331
0.9702194413353622
0.9683296487015643
0.9311455031930029
0.9889837772743097
0.9898359805680513
0.9899302786264598
0.943138661295154
0.9292152806965549
0.9828888801374625
0.9989450573520373
0.9986607260754914
0.9931120553233694
0.9577408451414288
0.991729143262915
0.996710917073671
0.9651730530626716
0.9677943447537335
1.0351550139209824
0.9529244950459775
0.9491813493974184
1.0396134579423313
1.0730843040206728
0.9497814456242348
0.9420417883816008
0.9759744790902638
0.9178748975471406
0.9479243517507646
0.9163813808385562
1.0082843259898278
0.9347687203912317
0.9948344438352363
0.9823109815271986
0.932142548572589
1.0250009892424061
0.9664362875101312
0.9631066028129414
0.9606047806914041
0.992652823459653
0.977283143792164
1.078174260972501
0.9695595425184459
0.947442291457562
0.9492160541874648
0.9624903858988405
0.9703942005035832
0.9900986204022448
0.9990558494626274
0.9596958290641031
1.0085526677433636
0.9219177762198354
1.0663680592894513
0.9515437922656544
0.9967726363674406
0.9640692962435151
0.9707885485003964
0.9646325856019786
0.9874448564281678
0.9769832487465686
0.9554897970812803
1.037708994132337
0.9125562671496064
0.9923844778957305
0.9642940985660928
0.9524520424688148
0.9715921016673286
0.919342364342164
0.970477999521111
0.967694872459344
0.9948537552605603
0.9504530509786462
0.9622255700579361
0.9337353887571411
0.9142398634669946
0.972658771530862
1.0216730240609206
0.9551928776665835
0.9610659108458169
0.9268122985697604
1.0293316160473156
0.9959401682086255
0.9866787136857275
0.9505889318642687
0.9285821203031688
0.9667059975422402
0.9234218627832662
0.9907053528886512
0.9742316457523468
0.946021473213851
0.9852896446407741
0.9491406141900285
0.99840873866055
0.9487090143785116
0.9504176335044672
0.9387903514122324
0.9635659801062295
0.9286993370797645
0.9620657774022617
0.9679645224440554
0.9570551510172598
0.9745172907063734
0.9649009271910878
0.9701871120629519
0.9580105359252578
0.9685131339474785
0.9295631977551271
0.9660406263601192
0.9548464943962793
0.9638729483080996
0.9961602248138136
0.9207804588328282
0.9666269814976493
0.9670492575767242
1.007748013356821
0.9959572221688224
0.9592311562566145
1.0149303938223029
0.9729272845079819
0.963408247910436
0.9585638611952583
0.9549392221495672
0.959803474603016
0.9449124006186471
0.9356602091250794
0.9843615741109265
0.9485903101091903
1.022119263097043
0.9660457681762957
0.9615083905633947
0.9568311110060034
1.0117515467440796
1.1032499510153075
0.9631334063331466
0.9220085579522435
0.9940269141481477
1.0264946972164797
0.9404654844513849
0.9763175213003046
0.9192003659696041
0.9483120698227906
0.9879495918459889
0.9383906108069902
1.0250227683811046
0.9495677911242719
0.9315440839943736
0.942647698091474
0.9835777959485348
0.9128894757791328
0.9469184009877022
0.9571653403392303
1.0127866731136634
0.9450809338146615
1.0655609465432636
1.0095056791587924
0.9590461907812778
1.048684262723641
1.0398268302360547
1.0016233389409734
0.9433980985538215
1.0361446175303342
0.987024931500313
0.9172811639435614
0.9803987724749853
1.0045596085371211
1.0789138847190987
0.953154721055908
0.9751483659897918
0.9347715914266178
1.0820446417054594
0.9645907882275356
0.9557428933281783
0.9734453562294958
1.0830150381366712
0.979302810907281
0.9649889892667384
0.9606632472778753
0.9671414566992992
0.9430466964048659
0.9904602534107827
0.9850088371591835
0.9493284550178459
0.9315983854942462
0.9407041821768767
0.9161375915168393
0.9769297912821828
1.022809040203043
0.9699145843594336
0.9894226759680557
0.9223474352713806
1.03634564807537
0.9289804965786485
0.9374963530931609
1.020913778632872
1.0986329591571065
1.048248749951573
0.9502263890763133
1.0320930137999542
0.94504516021298
1.0352047401971758
0.9509501616186753
0.9734034653574254
0.944256074688682
0.9803021350949495
0.9653440072156737
1.0039217393233608
1.0229558167733965
0.9700138457262152
0.9776607900325629
0.9706364721752949
0.9457014522874594
0.9316539097971444
0.9653800821091811
0.9882620793512235
1.002481732079785
0.9857969887926871
0.9552608469303138
1.0110652305752
0.9689426454410124
0.942989361313118
0.966490357772189
0.9192780464892554
0.9462012732294308
0.9006610021029062
1.033611512862844
0.9987713690875117
0.9776527495977952
0.9695333059988969
1.0613761297138586
0.908948757649749
0.9138579734190778
0.9570219442593731
0.9591141018669919
0.9649172867065031
0.9323825367697991
1.0850350607997308
1.0087349990080916
0.9611335256181248
0.9760776462905885
1.0970720375288028
0.9897343596352134
0.9542684666269585
0.9166372341334846
1.038510028544214
1.0262500808887325
0.9449484359646866
0.9434657427838355
1.0020351418822815
0.939502313144692
0.9420235787401909
0.9122427789065595
1.0140245067187665
1.0051191217665636
0.9869406279525111
0.9268197581670146
0.9638531138878145
0.9431411831403765
0.9366206427547579
0.9820125911732028
1.0143490172163308
0.924786594681273
0.9403575855383552
0.9518133779242204
1.0227779097535317
0.9826974622934147
0.9705494948868665
1.0770870600648856
0.9400159034151063
0.9457144008683624
0.9882691231974745
0.9636902574524834
1.0129557983320585
0.9295590980528308
1.0145388579983847
0.9406126678285633
0.948188809465358
1.0012578508673
0.9139426784630347
0.9563377893146843
0.9406225119916298
0.9470510422258307
1.0357981441896815
0.9646982070398082
0.949252900933431
1.006467049850534
0.9935756543131974
0.9401977707723453
0.9938604226808659
0.9719454422204072
1.0026058305824934
1.00432501086037
0.9416508676872943
1.0046024602430776
0.9250664767535015
0.9472770951054392
0.9504413096083248
1.0509995198425857
0.9561469319597027
0.9771225694340778
0.9851448941764973
0.9626779255111415
0.9574088899751471
1.0305027965246247
0.9697997793003235
0.9660671312635121
0.9213731959931986
0.9603596080042149
0.9777422860339379
0.983321250673225
0.9911355508957633
0.9699798013145831
0.909527490810141
1.0109537595922884
0.9759453718420419
1.0307966260878867
0.9499040989177634
0.9575371308572059
1.060782945864588
0.9526689649968357
1.0338012826158578
0.955191256676095
0.9302586503412373
0.9192749442175777
0.9217347207791284
0.9516451067697874
0.9074389866402559
1.016263105831189
0.9859985265344423
0.9538634098255837
0.9788316736018059
1.0277942143621277
0.9412430393734762
0.9177740515234993
0.9063619901087737
0.9671115484215786
0.9840412245326574
0.9803636741797949
0.9904087801513191
0.9563985676405667
0.9342518327616487
0.9468781619487397
0.9497249996825576
0.9262780086944364
0.9372172065656134
1.0163984651037419
1.000722940388669
0.968535353906074
0.9488989648362575
0.9545337233845415
0.913201867262599
0.9977747890655269
1.0287818750150513
1.015423922229648
0.9712183803441798
0.9149001748996719
0.9919986827633228
0.918781305686113
0.9259211621501349
0.9970929163183957
1.0221401644087802
1.0388654570308016
0.9297085991983207
0.9667602819444711
1.024060011598846
0.9205663871088066
0.9501062591650103
0.9678755246111943
1.0030499782549347
0.9929547041874756
0.937527732017032
0.9889892339170454
0.9910085291627699
0.9177875866550693
1.0500254370391604
0.9536537896756226
1.0070339895605407
0.9755202002136698
0.9763202052833768
0.9641411807792751
0.9216211552116292
0.9755452299547617
0.9665587962318489
0.9601357102213102
1.037265640337262
0.9336474580133101
0.9174734691827854
1.0219739797079095
1.0307222686839363
0.9950068493727968
0.9326735580377622
0.9401383109092893
0.927407209707779
0.9575628177047036
0.9715516605013309
0.9104831472320555
0.9785262530369301
0.9646906905986631
0.9432320671351954
0.9464815025465779
0.9431404432675269
0.96175362659472
0.9613956962778342
0.9562229343729431
0.9693963270093688
0.9315488992342484
0.8947504957862177
0.906841226978424
0.9983526075514525
0.9957643250688081
0.984308456269472
0.9120414086229793
0.9811733944656434
1.0803647809261934
1.0427586576857322
0.9697460097016823
0.9994282701786557
0.9276646048902314
0.9570454549149712
1.0209616917168678
0.9590625097119624
0.9081614538896224
0.9725560478312484
0.9194294767080478
0.9712302571020944
0.9347787933212004
1.0346286583873776
0.9559128571358655
0.9520854447595417
0.9364262750686569
0.9074147993245711
0.9580400791454748
0.9669197633766639
0.9599030280612912
0.9362047228897068
1.024540539738371
1.0140994349280983
1.0087510163004958
0.9529307561832231
0.9306313320888229
0.9507959207239371
0.9890110860793695
0.9626708674890079
1.010748092644242
1.013589742388177
0.9810738425983252
0.9644794697844281
0.9375120724730519
0.9706310870142414
1.0791264453079632
1.0190047612086952
1.0315451631266455
0.9581025241538617
0.9791895956672583
0.9153062080787646
0.9981349967340113
0.9916755251063212
0.9597218070491761
0.9928457320927216
0.9353277528473806
0.9857363459363344
0.9667762723332256
0.9986813415230242
0.9201626286828357
0.9572914467781831
0.9499196099699295
0.9651687696912958
0.9675886101797602
1.0709313919776577
1.0361714704002833
0.9457119349961493
0.938889593642908
0.9573482090398282
0.9294374953304918
0.9492769023621046
0.9329273319982524
0.9694655659187892
0.9528762108264376
0.9587725708298016
0.9947459335885419
0.9659441169682939
1.0147561448644504
0.9096004664633252
0.9208864967305779
0.9740466222826832
1.0245662310839234
0.9646065004299547
0.9569557456647442
0.9594706678475621
1.0155916723397866
0.9969915272658966
0.9467976644215418
1.0028032149193005
0.9418350667895339
1.008315266300694
0.986642745774283
0.9090972344130362
0.9790068461978835
0.9786687116201461
0.9173598092720268
0.971734441285058
0.9663615766568907
1.0322903172260771
1.0210734699783943
0.9279333784846401
0.9589264469145056
1.0206477909164577
0.9221185528398765
0.9298594799032931
1.0060236538184728
0.9735707443909167
0.948638835956591
0.9420517273798185
1.016875843349124
0.9730028057216199
0.9841787292669655
0.9606706628089848
1.015562509657469
0.9623477298589075
1.0003176869192636
0.9732946011274113
0.9397474026958522
0.9983220136881036
0.9529622315642633
1.0524176900722488
0.9371292950159976
0.9657337363522427
0.922823982514733
0.9578279933165901
0.953434223860885
0.9777323742665587
0.9354589071317123
0.9435657285879473
1.0124348174427957
0.9631226248118337
1.0557492728442073
0.973536515410868
1.019403895668263
1.0378090063276901
1.0154956744365848
0.977063244408114
0.9787804624764905
1.0939031259696133
0.9647560304331058
0.9582589649235999
0.9337383257131215
0.9608729910195112
0.938566104586145
0.9590404682464112
0.9718665644405112
1.0028461446243058
1.039577208248269
0.9404538536461623
0.9730102369889848
0.9594673586287421
0.9331985609033561
0.9491677862415092
0.9148233093918183
0.9513269113004135
0.960383214591035
0.9739160889199598
0.9954905793719605
0.9231408324276715
0.974090980687466
0.982259382551586
0.9373178769979442
0.8961559426714256
0.9785840160897207
0.9503955190633675
0.9380817690907791
0.9559562035562665
0.9733305575783704
1.0200860461637244
0.9711704372242179
0.952624117524033
1.0668887605953028
0.9970008265707828
1.0573848697367787
0.9933453092639215
0.9599720885760396
0.9744611198961504
1.0020008164254421
1.0181252518132147
0.9689307528791888
0.969111664530945
0.957421033812798
0.9500141114180386
0.9812718467728111
0.9699508419176309
0.9858528795444295
0.9854290637169636
0.995378260068103
0.9520167317820437
1.001001222967549
0.9228805836272876
0.9177184832773778
0.9393063264324297
0.9387457978142217
1.0727351549556599
0.9446101636608755
0.9767807737499031
1.0776997550085112
0.9649043007130864
1.0088288406543784
0.9241621939953248
0.9814124015098324
0.9748259260506436
0.9528879539008124
0.9910124139349137
0.9814767076694437
0.9761669060778217
0.9855971288908558
0.9711628131296589
0.95857168268684
0.975379509224036
0.9752189410503985
0.9551747577827442
1.0382015339490351
1.0135879109701107
0.9466631856750792
0.9611385080297526
0.9992255006019122
0.9670475308215608
0.9084087358124263
0.9679582021910423
0.9386192991458581
0.9989009147241337
0.9508045675250099
0.9458136037528274
0.9252733983703105
1.130323677756558
0.9724308902809113
1.0249266357583626
0.8983931064430344
1.0125144140592988
0.9498805944574583
0.9627338323992074
0.9595297186179603
0.9797048337213143
0.9880664862114117
0.9863645840734694
0.9908598170685681
0.9408662398728416
0.9532663336347936
1.0023488601087036
0.9721303288698964
0.9677301173804801
0.966775352428146
0.9710666073087008
0.9958472287694989
0.9541064109068434
0.9394315232940298
0.9594790139149664
0.9326267713091693
0.9707270932885776
0.9194665326894719
0.9678862891145539
0.9392821772003617
0.9711421203914503
0.913189979081025
0.9234705223135051
1.0157168242337158
0.9604359620705744
0.9673481508054353
0.9942481106304988
0.9723504781201705
0.9549096184573974
0.9450032899716463
0.9808249751357446
1.0126797441054398
1.018588576298527
0.9598820993924495
0.9526396550569487
0.9774305732059915
1.034923821966651
0.91483409653754
0.9651591853842857
0.9706529197001385
1.0580894085723935
1.0142690360002733
1.0059715399594726
0.9271542674170237
0.98111013303944
0.9984031341507461
0.9536528258660646
0.919834030509398
0.9599324206325857
0.9740653121087851
0.9730964338870177
0.9415343781281997
0.9617890354195423
0.9482305944727211
1.0028607634851276
0.9342840187963382
0.9275216686064452
0.9403816849969063
0.9685626377781913
0.9971667307227897
0.9817319573182546
0.9563093979215436
1.0592688106330357
1.0045315845343255
0.947992318983396
0.9785061136534196
0.9480699436549437
0.9240834188455658
0.9903063803080793
1.0364970283828716
0.9848787869532761
0.9400392212391512
0.9836372724490992
0.985311579127991
1.0172170733935726
0.9382406138467558
1.044734142315342
0.9830332206911951
0.970845403699888
0.993780913272462
0.9860120635237737
0.9655732233093733
1.064968291863349
0.9903011752270128
0.9547438749757535
0.9870457287784619
0.9297969682466313
0.9451790171920881
0.9085379815307619
1.0300821801425164
0.9352012077158502
0.9481198967877705
0.9457718154833855
0.9277584353636913
0.9678455893459432
0.9102693317963677
1.0065269161961317
1.032330747721525
0.9094213745101057
1.1062744677258776
0.9792783256907066
0.9265395540082675
0.9521397422069946
0.9588875331977766
0.9336443668501596
0.9696100742313518
0.9733352451889389
0.9783116919164256
0.9419983885083639
1.0054940177248284
0.9185742468307749
0.9585158090525233
0.907526742679474
0.9754223397135275
0.9959059151881919
0.9481597021902132
0.988037857922978
1.0340338238686717
0.9390048835083852
1.0190362972893716
0.955650328398493
1.050922850377966
0.9184845483574
0.955696032196399
0.9632248965044675
1.0346878544780969
1.005189369077427
0.9517134489925996
0.9719391911263922
0.9929400088103649
0.9430303830769838
0.9592861902937038
0.9172398336059553
0.9919551642378401
0.9816229457578942
1.0006600774306411
0.9616354166207624
0.9301869896222303
0.96182937107594
0.9834663588414335
0.9763289534990323
0.9342146352620492
0.9778470450701254
0.9781642470193253
0.9854781110247961
1.0087631460641726
0.9635419847378623
0.9860676565861387
0.9345073344373925
0.9179943573164967
0.8939216138923402
0.9634957546436352
0.9726336320435404
0.9202040405472242
0.9918686216518591
1.058257735245201
0.9841790659265022
1.002073828962473
0.949766510176262
0.9850093556113584
0.9273006449550084
1.0001518941501657
0.9439913975630286
0.9499595982000009
1.0032151239706246
0.9646585563740699
1.0190421284981512
0.9871404821891429
0.9284011770107975
0.9947674422322971
0.9853006072589383
0.9392465701133709
0.9028220164397253
0.966886275304258
0.9305117381681205
0.9744034491428233
0.9439898165418781
0.9533207954992042
0.9336529538674045
1.0166395776161075
0.9555008700540814
0.9433231387273158
0.9837250236851063
0.9024486540530482
0.9719062244398792
0.9752541868840929
0.9560664267531676
0.9754152743094731
0.9540646459271738
0.9188262322396056
0.8905838830566266
0.9561222492828626
0.9423173089396556
1.0471404091527379
0.9682895679026438
0.9573234766172491
0.9585889950278064
0.9411659746140928
0.9253042587582484
1.0045620710903471
0.9731668190943737
0.9967975120762833
0.9690623428483525
0.9551265823092305
1.055801181280728
0.981179075599941
0.9306140509593732
1.0821277822347408
0.9899940222365736
1.0073339041808964
0.9661156219794304
0.932978311399467
0.9553605212122853
0.950757044766887
0.9782934145598189
1.0186826121058499
0.925270885660471
1.0210189784098587
0.9983660262814782
0.970527862181496
0.950597516943266
1.000107314979508
0.9279363847499151
1.029215411294837
0.9456178276814614
1.019020482415311
0.9907966575085085
0.9673718695127542
0.9786173012197044
0.9780767602193052
0.9805198513095947
0.9819519687952099
0.9425094766923084
1.019702535158298
0.9398253792651805
0.9728431832158003
0.9240395384578577
1.0107496831237213
0.9685553620011498
1.0003394866189346
0.9160308937425159
0.9332455235693173
0.9859491349665285
0.9506404660771877
0.9731473923000511
0.9876265711100198
0.9620482860387258
1.020616750049233
0.9940296243255538
0.9912513617931621
0.9398221322811371
1.0257390914213163
0.949966998352519
0.9462312612122064
0.9323176286709095
0.9514595629828784
0.9922696206101362
0.9995666325628652
1.0525418078246416
0.9887076264643672
0.968094101805229
0.928282156373813
0.9492404906219698
0.9297111258104567
0.9749609637338623
0.94010043393496
0.973352355603359
1.022541039869043
0.9348114543856647
0.9767869936711355
0.9792490716404834
1.0029378924367838
0.9602042329491784
0.9566018672308576
1.0115192724949356
0.9533882800188445
0.9880327251475897
0.9421797398393948
0.9279167547277539
0.9768853669215678
1.0931225438133396
0.9473515348402091
1.0020993167722194
0.9628947470258666
1.0194427335437883
0.9459831204963682
0.9444022870272644
0.9682602004400641
0.9250428421869453
0.9997564246918551
0.9680253340679315
0.9388780287339693
0.9867153784609859
0.9653105825348051
0.9916094869956659
1.011269191915372
0.9533825235301141
1.007611281523278
1.000225212655733
0.9872038038337676
0.9384979076931154
0.9725666401108861
0.9159270789891001
0.9652011430601625
0.9488730215033947
0.9511548785427605
0.94909770428716
0.9438523097955562
0.9763300689397857
0.9850631926882384
1.0308575974540635
0.9559762331982702
0.9559621985710749
0.9575672040140006
0.9523919051509834
0.9508487005822123
0.9440973005394948
0.9843826382026899
0.9546897902654103
1.0556281612210368
0.9247731216655247
0.9648346446173751
1.0277310240884654
0.9711732190554929
0.957290585533598
0.9144152492907862
0.9694426076895937
0.9661542069150363
0.9133407919121275
0.9005157679427153
0.9673267360302901
0.9303727212419917
0.9608928486594953
0.9661214427208089
0.991918410933528
0.9414558131121692
1.0091259174193254
0.9411848443282124
1.0014324367284348
0.9714983078236021
0.9614273980781674
0.9088043357014829
0.9990710061678995
0.9447821691353431
0.9814965340352251
0.9649778358935799
0.9736417122915727
1.0367219168906054
1.0289006140887718
0.9722902537180454
0.9739465505164736
0.9658513454695381
0.9558537690802007
1.015768518107428
0.9585818859314189
1.004355767335317
0.9669606159591219
1.0024630568263575
0.9389158438245231
0.9292195425352895
0.9465228237825423
0.9565037832334851
0.9999315602451911
1.0202487666556184
0.9883935710791737
0.9374021061721488
0.9460449146185025
0.9674917160972185
1.0087451669353615
0.9470867083326868
1.022762175629693
0.9893717918007132
0.9595906266248557
0.9717261608206251
0.9652787642588853
0.9138043427257437
0.9386273105907832
1.0132529421772554
1.0052257769971977
0.96504988319139
0.9599087592951966
0.9703408909171246
0.9883862713036895
0.9670735082295663
0.9576242162042612
0.9594557991625339
0.9467650492828694
0.9550773849188292
0.905803341554793
0.9793282684974375
0.9220943776108235
0.983038967331779
0.9898219339997874
1.0239428863981028
0.9749549970958142
0.9627104108688941
0.9080871952126266
0.9222270602665107
0.9871932769635136
1.0378736557261368
0.9689911055921312
0.9903708242930434
0.9882373056931818
0.9488676608427664
1.0255501959066053
0.9828407432170243
0.9683510242577689
0.9569983251493246
1.0199934315534558
1.0177764461810912
0.9705330830929318
0.9541887196431539
0.9500490904839349
0.923154352380522
0.9144901729602124
0.9938215453436545
0.9221033747458387
0.9469525672159634
0.9961445332024101
1.0401393864047654
0.9828220370465391
0.9642938406647171
0.9435359367728322
0.9498043666630211
0.9827039558169365
0.9732527076997919
0.9808360415751456
0.9334120617111531
0.9540424473901986
0.9559536853401367
0.9568930492190868
0.9084763617072297
1.0338443843533998
0.9612454500387708
0.9499980364671526
0.9510938024314366
0.9514323144880374
0.9715990578021927
0.9447823262620457
0.9997071112403193
0.9525636871111162
1.001311041146799
0.910819004767744
0.9381883066136424
0.9583836768426435
0.9630173050237747
0.9903836172693491
0.9338107487198066
0.9237309140564265
1.0077911618877424
1.0390489977374378
0.9586717507619857
0.9566683433240641
0.9800323317311195
0.9588100871125801
0.9721250904599226
0.9571214677085604
0.9450222034533572
0.9187211410168319
1.0309705956599844
0.9592135184746954
0.9145192797324184
0.9782397695215863
1.0058640718549334
0.9635274098109876
1.0365616113900464
1.0281717889018243
1.0469132377826913
0.9407179960652954
0.9099912317474305
0.939925150044069
0.9830095334180262
0.9733802022659278
1.0088070908060638
1.007813207549491
1.0063462154226774
0.9754873384076771
0.9390408569815076
0.9780602268148845
0.9607404672304033
0.9902276696266574
0.9306073139947681
1.014531337053084
0.9909505070982257
0.9919024784977862
0.9478022482699011
0.9216004063616644
0.9867277593458322
0.9484681992928438
0.9241189895227343
0.9340640957391733
0.991780490749379
0.9713916206316895
0.926658086074691
0.9648319473645338
1.0463152633735522
0.9530972685664605
0.9601961053064993
0.9375191125445508
0.9744558972398597
0.9518675032041192
0.9557293615593784
0.9643820973855635
0.9700412469731682
0.9145825140179885
0.9133512320169848
0.9667902568862523
0.9488223999480098
1.0098785727297523
0.9766657806674037
