1.039951413975111
1.0125284282839622
0.9983908526161211
1.0230468517489837
0.9895044120584966
1.0272670777925759
1.0345220177406689
0.9927665639071647
0.9987575262122725
1.0355930464101692
1.0500482198869634
1.0148333075067684
1.0651733816972389
1.0555831226702068
1.01876698153768
1.0057921299585495
0.9980384483849751
1.0150608868048963
1.0177797495957805
0.9991263210891891
1.023782023283848
1.0644241822089975
0.9870297996645168
1.0069959903842691
1.08447858850366
1.0383314440030424
1.020974933035976
1.0768684038808727
1.0199842171931415
1.0040110261453399
1.0389842263986027
1.0363435160451013
1.020792544003529
0.9890527721181336
1.0133023218791006
1.0233850029651281
1.0476746721109849
1.0350384186788981
1.0485995896964149
1.05853023016165
1.0233152930924505
1.0341081380115182
0.9912914207795597
1.0230699774665073
1.0661722146593369
1.0671195117461418
0.9895409393921327
1.0920359954893062
1.0160319661503439
1.0258457726413246
1.007630143604625
1.05328670724196
1.0863818981618625
1.0456423008154738
1.0102043132408627
1.019552165371919
1.013014483670742
1.098355159023938
1.088498122003977
1.0378984083691791
1.0620737080156075
1.0400250181748194
1.0133405144809005
1.0302388765100274
1.0200533647851648
1.0501957295201643
1.0185026259608156
1.0622744195744585
1.0350325129512528
1.085841445015543
1.109303722498076
1.0254821123019728
0.9995132033575612
1.0111673568863437
1.016841793277202
1.0090672101402274
1.002804771319213
1.0387583187224323
0.9995785451126985
1.0136191851680516
1.0225385844656134
1.0833787276777689
1.04350097870124
1.0213497748374736
1.0706854922236424
1.0535053420605118
1.0067989626924962
1.0293176380221818
1.0257739508235726
1.0747877194567477
1.0366563124181276
0.9938913022665457
1.0615402282848
1.0235249424171597
1.0027119410543768
1.1119296040034516
1.0593404798341417
1.01266231274631
1.0244016214620408
1.0157586832481622
1.085784488263389
1.0362455125599204
0.9919059301098742
1.0274996959737563
1.017370350975926
1.0160542526815814
1.0922368499798774
1.0259157552537064
1.0270776772797483
0.9888351115253986
1.0452204891796013
1.0164965974774862
1.0454508015545603
1.0868237583648634
1.0189902321140578
0.9981124189527417
1.0093839532595728
0.99430657271383
1.0375947132774177
1.0446968918702537
1.0152893234895037
1.0142502707378953
1.0828787294943925
1.0516058936067454
1.0032557896375671
1.0353686806459304
1.0066078469333872
1.007534154913208
1.0225915767626865
1.0306025095540803
0.9973048379196923
1.0376730756022552
1.0528575251316665
1.0142539813048848
1.02420661509533
0.9930508183263428
1.0506523040087214
1.0461200240542197
1.017738176421641
1.0140247688809279
1.0183952067764825
1.0311163987364895
1.0635838972094644
1.0284792980326185
1.0690013115562196
1.0381120847797483
1.0111976814677832
1.018286308476835
1.0635442012794971
1.0162478738831744
1.0837237394918278
1.0183395574023064
1.039293991051787
1.0428365920977374
1.0486762434866055
1.0843352360123406
1.0357160622513624
1.0341133376122282
1.0397137360896158
1.017277708855778
0.9989337237916763
1.028145253350373
0.9989020565019139
0.9931069783722248
1.00124867065522
0.9967121594961315
1.0557779820275672
1.1116138797745634
0.9948656788181091
1.0314715953522062
1.0302227784731668
1.035180740303446
1.0189831327840375
1.0161230906255474
1.0213501178812596
1.0124416900831759
1.061456132651919
1.0225207476056721
1.0132574444817146
1.0322065070676518
1.0068539433555206
0.9959235146596529
1.0219214476857497
1.0687115723055527
1.0511135830113016
1.0308507309614325
1.0691505308660216
0.9949745890418235
1.0494562319487122
0.9882316464777126
1.0217119028685222
1.0180529255446622
0.9939663048679326
1.0061662440179056
1.0143250095898435
1.0052186970687134
1.0055051470525056
1.02861112589851
0.993079898895541
1.010527179518315
