0.8902829031531985
0.8553023239413461
0.9345367419317605
0.8608609133669435
0.9985522695216567
0.8686766864822169
1.029345638341822
1.0243829905736375
0.9040347320137719
0.8648365394364985
0.871002170413671
0.8425676867919163
0.8627205861775521
0.8740483962246511
0.8501145947954408
0.8614698435439179
0.9356608324107094
0.932678414402365
0.9082780854771061
0.9659321165565116
0.9050276278968019
0.947392710078328
0.8950684423281648
0.8375028390953696
0.9142567820152233
0.8440357973735394
0.8827421231636758
0.8512992148294868
0.8443794766711156
0.9715349057472802
0.8648604540896295
0.9525194068133663
1.05268984177622
0.8487575947155518
0.9057162003024191
1.0587018171461522
0.8672024403289348
0.919136412782815
0.8875649647895747
0.9339694252248247
0.9017719363762039
0.8892749160694537
0.8667819108100455
0.9846610757751069
0.8739042045641316
0.9534531817864675
0.879689920778489
0.8568814734127415
0.9614178568081156
0.9009410937480515
0.9144705319696058
0.8851597474369544
0.9042014483688836
0.8652456158008658
0.9559355530563314
0.9028596444503421
0.8697513304638755
0.9154128300613869
0.8455273509998408
0.8751674040693338
0.8230562494129237
1.019620915859281
1.0102010688685752
1.0397710372323403
0.8467836537183033
1.1186344274206352
0.9224061455257058
0.938296019070306
0.8769575742642941
0.997460238187088
0.9967778779483094
0.9129303097580845
0.8822458092660654
0.8500442249037558
0.8630024111271803
0.8819840943885813
0.8555595036239043
0.9025099356298594
0.9082752448555229
0.9103263744260908
0.8418779948350348
0.8682351700884408
0.9465402511093192
0.8413195525810778
0.8625596357415486
0.8668857165581012
0.8802978934190369
0.8421383908388478
0.8787234651505822
1.0055307895351924
0.8834948578399827
0.890316084920089
0.9566131676241684
0.9096229518436013
0.8518344221239333
0.9911273718407884
0.9465109308908937
1.083851807267782
0.910227931877466
0.8464121482451553
1.04848038134826
0.8512221055770314
0.9059539751617356
0.8919407022601816
0.998165655673118
0.9693734841211937
0.8431330548117941
0.8881942466013896
0.8959394810436745
0.9587308467644803
0.871658828823525
0.8755865855328969
0.9214441963851661
0.9202405897601557
0.9695004177385746
0.9468130903606963
0.8946777971677611
0.9410295262537226
0.8466515129401675
0.9579569609824246
0.8529628535217405
0.9148815304731381
0.8682910951792792
0.9706372118581701
0.8589726281786115
0.9212759339348013
0.8590494623787618
0.8232344927486919
0.9863321129187268
0.8369404001349092
1.0219648129121635
0.839916948347138
0.9018878410658622
0.8766120822553989
0.9447097957702295
0.9263219864673319
0.8992938249820952
0.9076439704227568
0.8632209092145408
0.9243099874692051
0.8853748386098312
0.911492974437963
1.0231153520684197
0.8430646947176144
1.0598530934963841
0.9167510452723746
0.9096216009275457
0.8635345688916548
0.9819008197520471
0.8360340716328503
0.8891096192606096
0.9058073716397734
0.8409657392592562
0.9281638058255445
0.8451417590108165
0.8872082592193775
0.8880064503094174
0.9433024706662063
0.9203121613271112
0.9090118824374396
0.9168168457329569
0.9394800587560229
0.9293044518127404
0.8685645399482894
0.856816657016899
1.0068058159996716
0.8598348232000156
0.9857027542101203
0.9106337618888781
0.8645799910512517
0.921356184625512
0.8878172659771391
1.0043855937927026
0.9211808839620782
0.904192206963025
0.8632600996830433
0.8689484111871816
0.9092878222150008
0.878877662903752
0.8678842876233968
0.9180231272208731
0.902105056432199
0.8685601978047062
0.8527822866072481
0.948045486459201
0.9117849333932031
0.8946603132374339
0.8797580086682653
0.9420611500878295
0.8309076240826998
0.889778498469625
0.9313274400770918
0.9026831855151337
0.9554165404765864
0.8381951087719224
0.9201181344009708
0.8431361758948568
1.011517207785709
0.8926629470243563
0.981141966884986
0.962055206598496
0.9403869615231961
0.860881762483026
0.8490473348633429
0.9597820361781988
0.9096481964538662
0.8976220967081248
0.9086171797503395
0.9824417961543891
0.8739520274832878
0.8986555387569317
0.8842410706524344
0.8764280361800397
0.8664995392739705
0.8651320483426755
0.9060370400139555
0.9380833494679809
0.9200522244008564
0.9287762573488431
0.9035410320136223
0.9547746848984513
0.8425221875190081
1.0008613289717772
0.9483949792280842
0.8994030911396715
0.9574405636949986
0.9135590522217032
0.9176610245199092
0.8559844102263088
0.892026451288842
0.8787722575221779
0.892302021194401
0.8666831252860612
0.886278797886955
0.8392102323427971
0.9395078897631495
0.9149104312346046
0.8698836328168187
0.9401212751934578
0.9580832018994457
0.88419301546421
0.9398483826499959
0.8929854281144449
0.9177949165346438
0.8490871451095259
0.9222183148672567
0.9071644102164905
0.9788555841379416
0.8720324334473162
1.0448845577905779
0.8918261624885646
1.0520756171116856
0.914527169198869
0.9072910475674982
0.9552987280451541
1.0418078157210107
0.9035009653385444
0.8658698988724314
0.8460903963346429
0.9094921210125599
0.9066970372044854
0.8408551270287844
0.9736918961991586
0.9106183142214631
0.9194642489368041
0.9116798322767927
0.8741885468402704
0.8621460471212561
0.8627301512877151
0.9507139690308462
1.0047754384563587
0.8700953663335532
0.8477259997680233
0.9051144392569532
0.9256928130037145
0.8578230963672218
0.9336322205547525
0.9616486885051531
1.0033297986954368
0.909919346491372
0.9309422378788375
0.9350810361206885
0.8443837729485953
0.9486240383304736
0.8644442633897306
0.947571598893408
0.8566361921928248
0.8407540290169715
0.8790928339931854
0.9340305914553391
0.8698050618278771
0.9773945786480788
0.8781766619275934
0.8525973055950568
1.024695480425657
0.8511386614566151
0.9404959048298356
0.8426297167516202
0.9326322414544966
0.9026116299717712
0.9536393981084492
0.8775605143437978
0.9470084335918141
0.936152402512804
0.8316387329814826
0.8797132396126643
0.92775341401493
0.8698854172862774
0.90907515933931
0.9082601339383435
0.8780417232463635
0.9011580633919831
0.8693896751753128
0.9013882953622079
0.9708970063957238
0.9070883906738356
0.9148065898960954
0.908168047614968
0.901695035085461
0.890280231006207
0.9639526500587817
0.9541239985323273
0.8538554605445877
0.8930901709186414
0.9061476853514092
0.8968743582815044
0.9153327019012559
0.8776797092587475
0.9257638255262438
0.8382306357610857
0.8512897833144621
0.8330506747660921
0.8890639007115755
1.0782134689404734
0.9111009113527313
0.8397710585816149
0.8859485481564466
0.9560555679781871
0.833703943258881
0.8886237369050594
0.8706620806149968
0.9825622917123694
0.8826566927884878
0.8928009115544345
0.8433843315083476
0.9431382958375348
0.9967342825332409
0.9120883741828958
1.018590179333763
0.9110899207852347
0.9474866927141442
0.8332112413661016
0.9497790177854543
0.8676483403217738
0.9625672648833954
0.9458441549995289
0.8344052981465319
0.9535158686853971
0.8927410625584336
0.8777358201346286
0.9761650646229583
0.9220327911875537
0.9088053542754753
0.9173683649042867
0.9194194435955363
0.8699410547425802
0.8649284354422173
0.8245848850486377
0.8767090001295871
0.8923766290219449
0.8767423795817633
0.8819004102435066
0.8553820075868841
0.8618591253935426
0.8459605301288321
0.9030287780656489
0.9028263546698927
0.8754830736433477
0.9526287546307979
0.9095448387603186
0.95302579900977
0.8555350777341484
0.9468687941537212
0.9132388598048177
0.8862314000103866
0.8368074501913298
0.873848384962083
0.8395965302652209
0.8790163824932382
0.8969413914170653
0.9245879128772674
0.880742959546499
0.8634987622217363
0.9003084929018602
0.8728966423403842
0.9246648180845568
0.9329210572224936
0.9191549557849367
0.8603202336959251
0.890808999726061
0.8705179108278236
0.8751711358367338
0.8879396643447892
0.9091923248028282
0.936387495987491
0.926027996307443
0.914406007574751
0.8891390105426848
1.0396342916251415
0.895426600607062
0.8894522257818196
0.9784187013614682
0.8725366810820816
1.0839361538779029
0.8916774047322552
0.9127844694499296
0.8477799584263875
1.0297179824008857
0.9488165781952973
0.8956031113404969
0.947113639689974
0.8564016026005253
0.9176331695239685
0.8473061413504026
0.8715422393173953
0.8739342462304078
0.8352124120594844
1.0260770978734828
0.9077930996618976
0.8872410172186163
0.8538765638803669
0.9142914783148446
0.9682313754243429
0.8715166231960638
0.8699366153261167
0.9831653602022583
0.8821124492015524
0.9711735433116149
0.8595686324032614
0.861350419317885
0.8744464671553621
0.853965029885099
0.8680096446830936
0.8766560133129372
0.8946072431951672
0.9244120031462458
0.8763763010979888
0.845198232917963
0.877166324339453
0.9252398641472394
0.941661470368462
0.9106494116980728
0.9687816907714693
0.9098115052176633
0.8479991275813908
0.9511477183259245
0.9043553611595618
0.9310962127571525
0.9307724200876891
0.9220905803376899
0.8827856490446206
0.9059859975717875
0.9080270996710142
0.8949860415022047
0.8942008382556249
0.8305635210642981
1.0050791674719393
1.052943189848188
0.8708697699006477
0.9179157321429351
1.0464478021825114
0.9070511775259111
0.905939103780211
0.8728600708276681
0.8969819775062313
0.8880270640599295
0.898552441782039
0.8478663733088557
1.0067853301759575
0.8409746269375036
0.9910642139277064
1.0133679459084681
0.8687343444058113
0.8924606288558727
0.9131761897814296
0.9422233527862671
0.8774056268523053
0.8703063003234768
0.9160611499515335
0.9203603394831107
0.8513604043341509
0.905579736098487
0.9280357783527842
0.8693227359682889
1.2265865391946424
0.8952088892744566
0.8718939042281914
0.9117511963833811
0.8472299396112077
0.897565653143216
1.0924788440787827
0.8823633945305865
0.8722357110311535
0.8882104904380068
0.8631642699929476
1.0902661884421467
0.8660610399398443
0.9601877046069169
0.9040275131334633
0.9130046662554029
0.8567767003565386
0.850835350574698
0.9852861082987461
0.8831038105092295
0.9494683167799377
0.8394354458777336
0.8855288693476973
0.8587807828353058
0.8647067750979587
0.9172540700101152
0.91819319740563
0.8549149697343645
0.8320587203035082
0.872123703714694
0.9145868924978702
0.8851452426097352
0.9609952269401907
0.8519887141504685
0.9455603166223693
0.8720894812185731
0.9711160627477059
0.9513689303961066
0.9280322420346807
0.8604062675936502
0.8898755876169078
0.9430326885789959
0.8367310150155124
0.9055150426557731
0.9000763210076614
0.890114225990952
0.8584990086971727
0.8848864937704339
0.8746279720364455
0.9301343745070254
0.8948665849234887
0.9412054880738205
0.9021036535176485
0.8594137381884941
0.8893074976834545
0.8920632202899133
0.8725883529148327
0.9293502485942211
1.0007741378630632
0.9278919563425962
0.9799210133897467
0.8858413392895533
0.8319646175494719
0.8875736471598932
0.9108160309103818
0.955036796735092
0.884889282532076
0.8808221776317815
1.0229197643491585
0.9357646296414976
0.8560663798157006
0.9216144095899735
0.8497319663907125
0.9495944647049038
0.8849692960030355
1.0459708515034736
0.9283956787922206
0.9699043983648146
0.8353228645126497
0.8512522833664
0.8857775844505275
0.9495651256554746
0.9281314398681645
0.831378991699936
0.8524646035125811
0.8870249392739661
0.8705234632095734
0.9557799579372649
0.9029689314511953
0.9473938233816253
0.9529281229511117
0.8932943575646957
0.9063243138162783
0.8732620871251355
0.9131618468151153
0.8473474212216119
0.8806869914127382
0.9675794444131295
0.8702377236330937
0.8951955888409056
0.889489295214496
0.8958918563670231
0.9351880527853057
0.9258832149103993
0.9177928677486856
0.8998265399030423
0.8488694981283942
0.9663990664308011
0.847090526236763
0.8835475552021982
0.8195728552687556
0.9389762624597325
0.830193488904716
0.9004311091340668
0.8943787715872183
0.9151002507512987
0.8525485656332662
0.89455207860601
0.8787766070540965
0.8943500049146799
0.8597416002736629
0.8224251900694635
0.8534572553837397
0.8796377699447604
0.8839406993849566
0.9816491908501531
0.9923502297603706
0.9397949324054982
1.018973305442426
0.8570388353664058
0.8727628624176715
0.8689390444278005
0.914960223095759
0.9243962050254761
0.8686039692640298
1.018822074986633
1.0937623185314345
0.9187083064325138
0.8442780442388823
0.986208080148489
0.9051844098324502
0.9187695647096102
0.9601375312654953
0.8881235462218595
0.8424762536923263
0.8816825669324944
0.842528747440244
0.8876393675742636
0.9083778244442046
0.8705387636603926
0.8603560434766909
0.8948342137443777
0.9183986718384218
0.9565304517588358
0.9175630249828347
1.0324500772258631
0.9171682967388434
0.8975702576915512
0.8455310115554684
0.9603706135321368
0.8922037436529116
0.9296260856661516
0.8942373860826586
0.8897382644352291
0.8805800898700362
0.8358978205246079
0.9150648002133848
0.8868717977551697
0.909624949883931
0.9186983698781002
0.9801468148994066
0.8886496735330273
0.8965640481540866
0.8988410942321834
0.9817623218181286
0.8984641818247032
0.9599395530583742
0.8560403676004316
0.8472271448483343
0.9168566999391657
0.8400365126636143
0.8347605347680583
0.8291063388024419
0.9230536673671166
0.8712825288652029
0.8896217516454228
1.0237039043687792
0.9105895636591896
0.905031327518502
0.9042518997591706
0.9113384722585774
0.8771700721563693
0.9186063323671501
0.8684748198575682
0.9172316485913642
0.9397531581792248
0.8900473851628263
0.9224142500991988
0.8461858142298779
0.8544886908036937
0.8809293710571422
0.8613485703709753
0.983742355731849
1.1435418101155619
0.9248233656961519
0.84939766805443
0.9649775034962811
0.9033349465092839
0.9136162885319791
0.9512464996967114
0.8767316553856537
0.8662975586383589
0.9306244592895698
0.902572701474101
0.9471331010854693
0.8386745015511319
0.9608808598998725
0.852008141473404
0.8871003084225678
0.8748349202327705
0.9595490293553398
0.8539602645104959
0.8869512401743648
0.9165920736151367
0.9149255666491651
0.924222348385339
0.9014560017707633
0.9025464191108978
0.9322165817424723
0.9507638221589616
0.8859206923595733
0.9174070422488865
0.8577525592191877
1.0313257866211414
0.9044027273377505
0.8973812140024086
0.8908700981118931
0.8767742501691379
0.9059841793938639
0.9559709313035434
0.9243704416980544
0.9174352308302769
0.8722858619459979
0.9422308105053359
0.9574889269272555
0.8360535201487765
0.8802418044435135
0.8949802089961647
1.0058226376566053
0.8343491651074866
0.8614408836121529
0.8990655516678333
0.8612198936966442
0.8796330275437513
0.8945688622616805
0.8263429259860339
0.9214924630543277
0.9458358829971361
0.9591616598197665
0.8614759465007185
0.9214125407341804
0.936541655624417
1.0298975491593285
0.9054495073890342
0.8972403105077887
0.8431493298423982
0.9696933447221793
0.9625249296913525
0.8673449677564394
0.8707554508117312
0.9043485013534931
0.8696386915872774
0.8875357428160643
0.933599400866329
0.8907584839452204
0.901710915817691
0.8594140670321302
0.8808838081592214
0.864431948874614
0.9262328553251638
0.910157123272124
0.9036204980660854
0.8946932074974928
0.8700297227877232
0.8460304281904845
0.9177414765182391
0.8751994306846793
0.9007304273525548
0.9157912270373743
0.8966962906901399
0.9215621647576816
0.8315858726946288
0.9588328884648294
0.9425728285722725
0.88466689744242
0.8900526663658479
1.0310260807804426
0.9783432013261781
0.8337201027034927
0.9794807927285064
0.8917084626940781
0.8652511701095801
0.8637442759086571
0.8696729323819875
0.8611179485177639
0.899371579321693
0.94551272188049
0.9327158463213218
0.8471831713890221
0.8931611217752073
0.9374563573400647
0.9091861896082523
0.8669622288141902
0.8641572407177616
0.9503094893034361
0.9838307007029029
0.8671741401140564
0.8937590595659548
0.8454192642948534
0.907259411471127
0.8886416179035634
0.8712000240756677
0.9066306935530154
0.8917440883494215
0.917222124516249
0.9131283251410895
0.9240163784520934
0.9168602135895351
0.8381102465306376
0.9475257364652118
0.9128674876463132
1.0137338463786403
0.9115035980783913
0.8432284008321128
0.9206704095554165
0.9033330971572243
0.9897963522293103
0.8773780783069277
0.8971736802607415
0.9118518105451057
0.9419350295823596
0.8474861619984256
0.8751063204657159
0.9065692953382495
0.8812723786841394
0.8612456801454039
0.8509446701079028
0.8985552483409023
1.0030319826611251
0.9824024057377652
0.8880356924575948
0.9990294323274403
0.8758889283864328
0.906379561237657
0.8821802291078287
0.9250538824619019
0.8459034144437275
0.8426651666987695
0.9592184410604643
0.8801678883848133
0.9602498137714456
0.8784930440378127
0.865049317692308
0.9336136384612524
0.9574428402914127
0.905245262606143
0.9124677174310295
0.9148755558182917
0.892750932426568
0.9139015405356171
0.9634278175232036
0.9114918791591317
0.8462528051644652
0.9097707022965165
0.8571223185376229
0.9160539736242058
0.8766076933820869
0.9636010314458641
0.886253101711591
0.8416436460131016
0.8943891362766865
0.9139115071254901
0.8648064737563425
1.0051049340315266
0.9073909650786532
1.0173515119095753
0.9098942106892476
0.9202360890699766
0.9346835752130832
0.9274536369891528
0.9069584940406205
0.888873079250179
0.87598445220952
0.844035501027805
0.9098271596822372
0.8856342356477602
0.8494846295671441
0.8474516186358191
0.944396602461107
0.8562771178358303
0.8678509195707454
0.882803472762224
0.8771638371202093
0.8911869503617199
0.8508585218009923
0.9042087477175387
0.8886388569223744
0.8702385049536503
0.9489003746465179
0.897487381046619
1.0019820137853046
0.9327238358453848
0.8339873154408305
0.9912003892253066
0.8654830272187997
0.982953021709405
1.002605553204082
0.926716585807843
0.8853599739619725
0.8688934520029507
0.8946031190418404
0.9712549686290997
0.8977762961090868
0.8814883781127527
0.8587138519036244
1.02784719172135
0.8947783206542907
0.8858596605004929
0.8430122161582967
0.9725096214509832
0.8459132752470557
0.8293212010628059
0.9157948169761571
0.8255990206312285
0.9522061004194663
0.9740555350819529
1.155229828003435
0.9405980275026646
0.8536052729580389
0.849142576075548
0.8805769275291728
0.9107741671325975
0.8706472216380349
0.8988945057532384
0.9449037486736284
0.9633698156666513
0.8928052984317822
0.9215095377137081
0.9212766540571493
0.9396816517125518
0.9679986533707641
0.8857159306091718
0.8287262699367759
0.9155132778261748
0.9815843394125388
0.8717760196499557
1.0148639227237397
0.8620461610264358
0.8590161454586474
0.9231085814310848
0.8507387432711042
0.9598879550745943
0.9028378821287816
0.9833606616849393
0.923972507594036
0.832881027250496
0.874655445337816
0.847476334340139
0.886865143955703
0.8659518653323449
0.9564062723068911
0.9065530587780459
0.9042871975861231
0.8363995465076278
0.8661270287264071
0.919310426343739
0.93236472206169
0.885426273777084
0.9314875519764745
0.8735455219696593
0.8520796357091776
0.8878948564290841
0.8889988934821715
0.8265960713364591
0.9874572382593656
1.0383350436670902
0.853261426217448
0.8709391706708419
0.9233777346261502
0.8776314241919332
0.9192850796240405
0.8657631486527708
0.8572545674319769
0.8585593566776555
0.8815502049704826
0.8519459887471315
0.8533808561590039
0.8757920714486879
0.9135058528493364
0.9083533044597442
0.8858927646751782
0.8934230022391425
1.069059526281456
0.8913848468424848
0.957375537907691
0.9020508243545378
0.8185335571635302
0.9029066998376887
0.9110627285050266
1.079547095102433
0.968967434750598
0.9532399332090491
0.8683180165214328
0.8942284355519001
0.9209710016595853
0.9222517748908254
0.9018383649199166
0.9203346292276361
0.8218610520604565
0.9104653832546049
0.867628186801735
0.8710755360264459
0.9481168649883571
0.8684418382288623
0.8745300396941355
0.8601157436542647
0.9352671720800456
0.9017736040829182
0.9901424781780586
0.8730215233246038
0.9543556700921099
0.8696262801311198
0.8493472270184774
0.8438494521492523
0.8484864687155025
0.8438786187461114
0.8296410879186329
0.9824646438138548
0.9125028362671374
0.8618534398398598
0.8179219769853818
0.8666437437105947
0.9488382343417596
0.8607971325430989
0.836348019522255
0.8524327014749004
0.8807298085963499
0.8771732450923806
0.9812516563168007
0.918266636306626
0.8466072694719182
1.0256161352360484
1.0266994125839395
0.8395327370946764
0.8607026449136186
0.8569739348919763
0.8995720261266889
0.900203366287128
0.9834492817906977
0.9112198041673149
0.9427354723350716
0.8960849488646134
0.840837234820091
0.8578027147151664
0.9013616441129063
0.8515908491437253
0.8750415618969727
0.9380482551879725
0.8406256169347635
0.8624096417034823
0.9126523708586091
0.8715132130656841
0.9387784486287147
1.02675971564182
0.9086219305200824
0.9828317458950718
0.8522099544287548
0.8909640733786649
0.886686898041057
0.8779179274603861
0.8758613285648683
0.9156413825666379
0.8258659949140927
0.9436900289412005
0.9042084621323145
0.866318221822306
1.0325000866436058
0.9154345862774451
0.8982667849522379
0.9085991718876891
0.9524680945756926
0.9083249893321271
0.8569728220382107
0.9055763493380922
0.9033604229627713
0.9258809242572985
0.9724033524428453
0.8600245771649608
0.8728242154858666
0.9195716272840697
0.8933464217126637
0.9673103011732948
0.8752468422219957
0.9420863053748778
0.8835925866624887
0.8641425541622763
0.9165069101023212
0.8863266695678649
0.8531705594809949
1.0312014439845316
0.882525394966291
0.9129715112019083
0.8661683101080793
0.9077756476512866
0.9046716499735097
0.9361941570391339
0.9396336391467754
0.9921281204660402
1.0167530441247552
0.8526770897088547
0.858662410303641
0.876357915735063
0.9071827363668181
1.075973903891038
0.8841478475608
0.9330507593425755
0.9905121777864271
0.8995191919160928
0.9137330759091937
0.8604440223586133
0.9809891809559367
0.8753858418250536
0.9309634830535232
0.895424087252054
0.8675564199989042
0.9781358636645969
0.9231434693065623
0.9214690420116336
0.8883305526286766
0.897897025280951
0.8700957557570308
0.8893676364417415
0.9302719475551436
0.8812749862084372
0.9146602115456451
0.9167146696174884
0.9229759248804781
0.8529978004290746
0.9032187343422781
0.9961411836123198
0.9062254308483696
0.8340326674510772
0.8539595943566153
0.9598084617988822
0.9785984499982362
0.9601046527456522
0.8773021189198373
0.864724563576881
0.9483817938264285
0.8733831525880739
0.8920472527076893
0.9111682055075622
0.9586326523793195
0.8963187399515722
0.8866290818234334
0.9757877924919534
0.8696914222230404
0.9134459078376101
0.886534674127021
0.8966045535963124
0.9195037561795618
0.915161888445247
1.0051537875368552
0.8821732353528547
0.83606408598196
0.914160726387604
0.9889876246496061
0.8374200741022834
0.8514408956508533
0.9129337039449029
0.8789670280409261
0.9282080720887417
0.9063940042630005
0.890583631159859
0.9518797235015548
0.9702335849682217
0.8904273637392669
0.8774859442952191
0.9273914341520497
0.9755154131461874
0.9799243774378396
0.9639212353858424
0.902184487799313
0.8995423676336108
0.9272791840517678
0.880957285620448
0.8836217909633765
0.8777264144064838
0.8990623372169765
0.892050701895575
0.8717392735379413
0.9040484922438761
0.9994486134732221
0.8607991586059103
0.8924456571475037
0.90107968423784
0.9467152899966153
0.8952752024784381
0.9460922836400947
0.8604667858399156
0.9255505218700911
0.9188445743928346
0.9128403300523852
0.9268849304440073
0.9217856502046837
0.9347424788398863
0.8196186885344334
0.8513382920501887
0.8957599148681397
0.9804348460299652
0.8566885652180952
0.9239864082646944
0.90424542400997
0.9272073151638387
0.9507598319961625
0.8976583007402261
1.0547360132514572
0.9569016827009565
1.0006353397168575
0.8983493427568223
0.834055840948231
0.8559630188713329
0.9152049592748843
0.9215861249045907
1.0102877866970088
0.9037739789212567
0.8355779331762659
0.9182566956189374
0.9260276959989422
0.8984722840783068
0.8846031179732037
0.871061129091016
0.9291785181485588
1.0715625224716845
0.8502706369248093
0.9181372323106967
0.8721935706036583
0.8962535686123216
0.8816916527649428
0.9306971795100583
0.837962026697426
0.8760261816638798
0.9210962324667622
0.8657980184273388
0.8438872978212271
0.9065578800789356
0.8581314253004371
0.9496251132832498
0.9035890348519348
0.8626202003584288
0.9031382888067997
0.8966431029813099
0.8514507295540766
0.8784628094119622
0.8437046348848749
0.8632606640567201
0.9391831427100857
0.8354615520179776
0.8942627592338293
0.8835784490605416
0.845440831962809
0.8991075052335082
0.9335549970622959
0.9519914325081886
0.955072220814845
0.8792198247480761
0.8991756867048608
0.9182501208242704
0.8680869795035688
0.8969824040823176
0.8774293597860879
0.9471280278992716
0.8630184941185071
0.8930150810634112
0.8786700171763896
0.8535708061233543
0.9586209808437973
0.9139827865450318
0.9146200792144049
0.8804193159283014
0.9680772254220948
0.8913603740632183
0.9343162512275376
0.8992140291938784
0.910035544218875
0.8895623327173929
0.8826388578560992
0.9172017333763143
1.0881111712744027
0.9023137591180019
0.9012406547225826
0.8456808499386302
0.8548425986777803
0.8957505457460541
0.9445436866220954
0.8955647006752452
1.0446023820623396
0.8925620108435366
0.9287364483764871
0.8478003846959145
0.8803333412664557
0.9142256280331796
0.9874440812783886
0.8764579416569166
0.9812816296337188
0.8550447997581773
0.89099827763771
0.922165930414179
0.8579059507379098
0.8624828721283344
0.8519570313516438
0.9456276060801417
0.8547597716504861
0.8788047286586305
0.8778424037078453
0.877294592526617
0.8661320178693543
0.8466476811136701
0.9050619417155462
0.8727625326091897
0.9079025550493064
0.9183479757984931
0.8446595590096253
0.8502023288872991
0.9521499344659536
1.038808535785728
0.9615935236954979
0.9313940003604237
0.9101672198748747
0.9561990194318057
0.9335736567914925
0.904568030947963
0.8536710369626828
0.920952123997538
0.9019617244798959
0.8774287325672694
0.9019952176059243
0.8813029345754808
0.9490538485948252
0.9464573576583087
0.9531434502307206
0.8803384847494167
0.9603669791113438
0.8788405797884683
0.8754988832348705
0.85953463899555
0.8690135913259941
0.8454001396252963
0.8340125940669809
0.9110991384901694
0.9015250188681242
0.8640165796769519
0.8613911024848082
0.8929714200555379
0.8448052654701889
0.8501739023878785
0.9029079934425823
0.8397920738488026
0.9538219310756336
0.8366731938633728
0.9362181198451462
0.8720546875627673
0.8629926168929445
0.9123226272093843
0.8485667451200711
0.898158533392502
1.0654635528100065
0.9967645515868249
0.8666937382194647
0.9221939316388308
0.8501210564706403
0.8943734318958723
0.8616107738507024
0.9564601866651892
0.8429613993923926
0.9131945586431747
0.8694041392835984
0.8735020432965289
0.8853680728785229
0.8351629643281353
0.8921572205590413
0.8860457035990057
0.8873215252352313
0.9324730652392329
0.9082830683303552
0.921900883941235
0.9829188572224332
0.8712520807099916
0.8725938921062599
0.8601253448013287
0.9787831669206281
0.9417077160324598
0.8819568084408101
0.8774778414503244
0.9111372642893667
0.8494112156275053
0.947868858554156
0.9512289573317331
0.902346945807051
0.8811969006770802
0.9261283159131177
0.9113702593404407
1.0224455762231877
0.8974693322473712
0.8485846018488035
1.004703570927168
0.8790567921717579
0.8948321582972507
0.9394525581942343
0.9532662027224812
0.9144387312605878
0.875085861945966
0.9280525265093652
0.927099743081989
0.9092047514699457
0.9209413068401952
0.9715218075769617
0.8718306898614722
0.9167276291658641
0.839529754198246
0.902413226847867
0.8835108251160166
0.9196139129747228
0.8705450973364068
0.8903269611288698
0.8348783944395954
0.8466411234686804
0.9292862447801742
0.9523898973957828
0.9033685997257677
0.9882780061457672
0.8452871189814313
0.8667331566427852
0.8496285426742285
0.9041542977540189
0.8483319811949532
0.9332281744774472
0.8440926780072532
0.8597267258294411
0.8680051379953863
0.8794023045159053
0.8876469830649834
0.939888257350093
0.874790409813961
0.9750698949162365
0.8703752560394467
0.88412144458414
0.8590054667239335
0.8957158948379498
0.983477260310416
0.8471231668692737
0.9117953691996622
0.9561231547491716
1.0945896905689365
1.0179707071850628
0.890855198349124
0.888021453927247
0.9139334214857089
0.8714792365848351
0.8508241562110445
0.9532559728100876
0.8274827706653367
0.8615046719222904
0.9298586009709906
0.8921881731349721
1.0200307252228888
0.96112070249375
0.8616188859131987
0.85518621262919
0.952933604926009
0.9497337731821301
0.8863591207662304
0.8695780721897256
0.9006978793783704
0.9140730321264459
0.8914361810715169
0.8986164473958882
0.9658527314159567
0.8347660969044053
0.8938058175739796
0.9340201588180961
0.974575458257768
0.9010362023732363
0.8416248199349179
0.8909494416771357
0.8753689737699504
0.8835392755561862
0.9163883116079397
0.8967903085714212
0.9050615021958108
0.849626001902492
0.9033300865977143
0.9816037485749518
0.9216468779041721
0.9142096691810059
0.9054096207125535
0.9055927912946502
0.8738308619900446
1.044529524545439
0.8553069964912365
0.8776360073523266
0.9643077707386838
0.8982409973405026
0.8637081653705769
0.8812478158031682
0.8772764534834866
0.8303908206954275
0.9281772999947795
0.8803371372803916
0.8880584364382309
0.865415192166713
0.9042212099134694
0.8972723571513412
0.9813539061762727
0.9133873276331722
0.8838442420269131
0.8795647388671062
0.8462632297994832
0.8396007730644146
0.87210129953552
0.9564999696721637
0.9964695014637251
0.8669502162714391
0.97808803663878
1.0294381583336933
0.927623606624808
0.9062163383960788
0.8538809002754857
0.857451762379913
0.8429434410732802
0.9196160525118628
0.8290455073643117
0.8602616222757964
0.883453243590511
0.9021168654665385
0.822190676603811
1.0038221960309768
0.9274805818386329
0.9368185830087323
0.9061604184224945
0.9075797260326024
0.875050448303831
0.844398439158509
0.8736037063478665
0.881403086392745
0.9000221508303611
0.8927159877947142
0.8632947438865413
0.9133784352496827
0.8802911164137395
0.829852912920431
0.9247578281750413
0.8508738175699693
0.9063350967048294
1.0293548699357091
0.8562201850305512
0.8430117556144286
0.8647045052158733
0.8753342122719727
0.8575704277522586
0.915409550938294
0.9671171889881957
0.8856057081658989
1.016519756406754
0.9854558629060569
0.903937049703402
0.946541000510989
0.9240478128085436
0.9483387499322337
0.916300348010307
0.8670123029624152
0.8676799244592408
0.9172819604612674
0.8472727733512893
0.9197145385559938
0.8682058143728282
0.8564079484496889
0.9472962081883968
0.8976160449929226
0.9695894584386457
0.9108857486911681
0.9103236777158578
0.9492413359354327
0.9159965019664096
0.8808974071678335
0.967829432924156
1.0619660498099484
0.8457135318603599
1.012653171676483
0.8738606998770809
0.9945014839669619
0.8638256372998538
0.83287523136731
0.8506237536892852
0.8913432621851693
0.8680827028885679
0.8752036131706207
0.8849722030039541
0.8489440100375834
0.9594443619844729
0.8779716211381022
0.9372778228802172
0.8922714599787644
0.8674467370938111
0.8398105145323048
0.9188108504878632
0.9766527479123397
0.8439067447054709
0.836326812673569
0.9011494955925599
0.8964804761686601
0.9359134100960999
0.9239251763773307
0.945471419287106
0.9481233618095676
1.0065485620727022
0.9302825083157454
0.852628364656883
0.9037236262767924
0.893047243867332
0.8864874963786712
0.9241562757892918
0.9723209464705315
0.8756513109872117
0.9383586116442535
0.8504795771376393
0.828010976289659
1.01622221495914
0.8412587682018391
0.890756659531797
0.8695874367176559
1.0960417528384057
0.8758674599674108
0.8899385523864105
0.9715493833632478
0.9579149020847386
0.8766066745392593
0.889094271652589
0.9012546922056427
0.9733386165780192
0.9331575831193744
0.8987434518518058
0.9555248001482509
0.9540992929415664
0.8946666110433923
0.8371971584659825
0.9443674783400081
0.9120065765360014
0.8879514597046501
0.893741476926256
0.8916851703146136
0.9547006483638218
0.8921001462263186
0.952603841138493
0.8863167534704655
0.9372621445373238
0.896572470891406
0.8958884360773754
0.9046294025482112
0.8920587842323211
0.9334948133401209
0.8405528386290981
1.1306738309862725
0.9757024283465654
0.8849989406241318
1.0417951768474267
0.9304827241091645
0.9093529564580021
0.8595830659304444
0.8977663705389844
0.8483901163997107
0.88289672652988
0.9076111311774231
0.86970577763417
0.9745846402615209
0.9237753007662387
0.8702977303780349
0.8831778248008614
0.8579081235279358
0.9056074809727466
0.85371476091048
0.9451552601379669
0.8944241832306882
0.8961828626516515
0.8497478438190629
0.870945192691461
0.873066619691884
1.0022862828851815
0.9820937350008905
0.868362763628681
0.985698882137883
0.836478745716371
0.9016427111320733
0.8670634579665051
0.9111739062281362
0.8825333434814605
0.8362175270860673
0.8987883208143508
0.9590432829377145
0.9099431219846265
0.938761227915188
0.9073586980108819
0.850790823088436
0.9142094720470166
0.9105155745412437
0.9005758529075019
0.9340716759153669
0.8463725188243286
0.8300375202723124
0.8796119271413211
0.9001536289858322
0.8845112890444131
0.9182682722794107
0.8568016157453644
0.8349055594930769
0.8953286315111753
0.935841226401783
0.9022662874349533
0.8548121639506068
0.8959028175533094
0.8617334178804188
0.913747990016224
0.967670381412601
0.8497777130959843
0.9899721716443488
0.8704392739675944
0.9609442691748296
0.8691079246500114
0.8976802737939769
0.8859711908740769
0.9195770548047372
0.8787651267656001
0.9196839697944639
0.8934954940551351
0.8406273506802263
0.9423158397686059
0.8833538343209706
0.8986432631841543
0.9183281417000994
0.8556364158977021
0.9321954595589034
0.8610078818084762
0.9599614654165174
0.9516673345618393
0.8479309107140187
0.8672295940328342
0.86362099098814
0.8558960257992905
0.9325670856917009
0.8576378660024702
0.9396409475314
0.9112620010947099
0.8339782331301981
0.8773879625211959
0.8691268110143646
1.0029471028441344
0.8559054908691961
0.8703072845933777
0.9140297619555516
0.9157999425598996
0.9514523100407885
0.9073118228570322
0.8217793681974441
0.86982813279509
0.8840226151695579
0.8854802953008546
0.8961294168687011
0.870189764175579
0.8735241044414143
0.8370667041365302
0.9048688651915016
0.9433899254207824
0.9800947772811619
0.860025411896101
0.8942011577297353
0.9699575388915116
0.8824547294456024
1.0028889983129372
0.8586666650586372
0.8250243549289127
1.0277312891378043
0.9593693140961748
0.8668324697512979
0.8462460099791459
0.8673342630811023
0.9046806321003948
0.9253772258868663
0.8508173223936835
0.8979715491702756
0.8970205080123735
0.9928717630979076
0.8376801097932411
0.8415710160430323
0.9500442981218968
0.8850742900699109
0.9369262815553329
1.0128767965178054
0.8658175860255642
0.9130905071095466
0.9405891425206276
0.8784478289855588
0.8861577078721166
1.0059285513241274
0.8873198461698556
0.9417230269201216
0.9459441989091152
0.8841240990215031
0.9524989042031511
0.8786858050432513
0.8940928131396464
1.037651403954924
0.888337108159081
0.8688703117066159
0.8715732647306316
0.9364269567379879
0.8694430843236937
0.8972644986662895
0.8632152355783749
0.8722537654897048
0.924642509409908
1.0071843862351322
0.8409369243436403
0.9739041201604897
0.8463035086038876
0.890156035574487
1.0267944719285997
0.9003133151617321
0.89023644021006
1.0940747953745216
0.8523375269425469
0.9510024949870122
0.9445239152103535
0.938097618182471
1.0657346990962457
0.9295257765610835
0.9073598536163378
0.8863551249116816
0.8646277743501991
0.9386938106376933
0.8814176452151359
0.9118892511164469
0.919149018997139
0.9310008845569138
0.887446761101103
0.9010087246496397
0.8766140231516593
0.9446252480592585
0.937286648111426
0.8641639419964043
0.8501213452011477
0.9809895620416399
0.9579897877715884
0.9635512532005844
0.885151626823448
0.8596443447766651
0.8601389264276711
0.8866197324061754
0.825292469474344
0.8649298755606373
0.8653468988993284
0.8928894887417225
0.950677359758564
0.8915036938481581
0.9253209734977306
0.9046694683128129
0.8671365936986409
0.9087639431352459
0.8851123309779316
0.8687878691111335
0.905534153736524
0.9511169743736503
0.8756352453269745
0.9091515730813401
0.8695158809032407
0.8778696180997138
0.8680505346337298
0.9221826131631905
0.8250138714048904
0.8688743367933051
0.9509292240489761
0.9207011625134689
0.8631379818641418
0.8844463686934692
0.9909891793395474
0.9276245864982962
0.9514831485010506
0.9166499336999748
0.9159789655993515
0.9011716094073361
0.8534538513100329
0.9272482604668024
0.8774032349097076
0.8558788174618085
0.9301994217413767
0.8909591563482597
0.8314331641627173
0.837377339829182
0.9327508807468041
0.8545050771467151
0.9306836806065721
1.1026046858259393
0.8584000499432887
0.8241205210412892
0.9087724148014017
0.9225101827466329
0.954180480441885
0.8510427006357112
1.000200261959124
0.9212111655673998
0.8529767858176442
0.9178268587376464
0.894058965196534
0.8489093302542221
0.9088786622437119
0.8488722798286654
0.89000330268592
0.9986084097834298
1.0011904608024302
0.8761006274324628
0.898875774860006
0.9546612154114129
1.12706254912328
0.9286179925379939
0.8540163733036288
0.872316584230074
0.8966249019937096
0.9528108528207038
0.9320915038272308
0.9039107467559089
0.9199983296900939
1.0049043547172944
0.9602795722253471
0.8468871723093048
0.8559021001049806
0.9105068128838822
0.840882965005258
0.8346334028201529
0.9420722347661359
0.9426495199718344
0.8346104756164153
0.9544367783471345
0.9019636582700453
0.9085263337138857
0.9080205451720968
0.9102375150226988
0.8774042191163641
1.0567287497079751
0.901002779078806
0.957964518777324
0.9309407978444428
0.8518122075288969
0.9008203322735331
0.8657984661730067
0.8793609213856296
0.8747363935340895
0.9274077433815078
0.9053841637243594
0.8707467943921424
0.82896370505517
0.8774314795148024
0.876503280122466
0.8314020332681933
0.8497249598682212
0.8784876775822904
0.9497750419281912
0.8552664146974197
0.8625377933382083
0.9143307362325617
0.842539612492209
0.9044088237449863
0.8911393295470309
0.8512851599973387
0.9695551398528075
0.8758682741514223
0.9197203876346809
0.8631709789420751
0.8832816012346257
0.9100195702949571
0.9523233958393563
0.877558698963907
0.8703763489389075
0.9092561528340459
0.9677636347700422
0.888364984160819
0.8817980467237112
0.8410005870653537
0.8868413690946171
0.9457050163824745
0.9065807315427555
0.8922904215525583
0.8856762033185657
0.8774599038192221
0.8718892868025698
0.922346460116359
0.8844272430416373
0.9187409533581994
0.9688879230361371
0.8987073921667093
1.0220953627418332
0.8502410550136892
0.8865818923728389
0.943623182436709
0.888484721716585
0.8937438927716388
0.9498026339795488
0.9301426176581714
0.9077656563502826
0.9012319545888821
0.934066023092715
0.8996557682464938
0.8644649197865414
0.9165057588165492
0.8659481993532505
0.9318728828213543
0.8672455796203801
0.8642184916103138
0.9480547322935833
0.9399214529519719
0.926910508094855
0.9188121306144115
0.8815308512957779
0.8411270141306906
0.8488856698489589
0.9387744024186817
0.8960016840235026
0.8909949889857457
0.8484501613120944
0.9150553685712483
0.8694119874597345
0.9952570077200193
0.8916816445810622
0.8649892360486844
0.8417223643796456
0.8926785613513701
0.8323429683199037
0.9068991654041566
0.936452769378983
0.9659372096501755
0.9361795742827212
0.8754106486982026
0.8944520157472974
0.9302533028067294
0.8925132024820459
0.9460549316609317
0.9085778268548836
0.9110784572155193
0.8867688205745231
0.9002123702931346
0.8736144369814461
0.8820364890696645
0.9118138303810228
0.8617235106366348
0.8942611053422249
0.9261405751317825
0.9692653539199036
0.9191512229985151
0.9368427539196919
0.9179241122056236
0.900871178733595
0.9366305509201305
0.9691124962171075
0.8317996890595971
0.9494735099381926
0.909368262449465
0.8420084244649957
0.8746899547643688
0.9485000637100045
0.8326476820690258
0.9944839282969764
0.8380105172069661
0.9435603338072882
0.9102326316402731
0.9078904208821439
0.9190966669525676
0.8367836847097537
0.9078498591981952
0.8442610368891035
0.9208051020324506
1.0044829202960792
0.8342942298813433
0.9024542172532761
0.9227734781420558
0.8630204919303766
0.8930500428782462
0.8972525633658692
0.8981697974186992
0.86220397575248
0.9100228841565261
0.9225769049855632
0.8765796741833354
1.0483613587673115
0.882490779204672
0.8342941905324135
0.97625575770437
0.9163874924143964
0.9771542973965586
0.8832865329261278
0.8997610624592243
0.9133823974605393
0.8812344962474558
0.8312363653980843
0.9123102195864449
0.8671591453362335
0.8932016786441715
0.8672811835016423
0.8910907760709854
0.8964381053206326
0.865984345273452
0.8697858643597729
0.8657012304901075
0.8873559642874735
0.9468356016186621
0.8762343633635106
0.8496077234453513
0.8657544017975353
0.9440769410610995
1.013202611306106
0.8574113139292834
1.032220593546211
0.9083232658727551
0.8922399644983705
0.9218616287912804
0.905265579805648
0.906924483637583
0.9160451969261343
0.9302083270422634
0.8820853549097486
0.8343714674178252
0.894273995966832
0.9996274910897021
0.8973516120882369
0.8704244300466513
0.9083005676734753
0.8949084863953642
0.8977712771980321
0.9399721292868459
0.8987226592310169
0.9322476480135901
0.9011386655978575
0.9816174498966322
0.9693749403158385
0.9260641719655275
0.9086410319938854
0.9077507355931351
0.9354153580701213
0.9629160897862029
0.8967942542215221
0.8725523744538701
0.8562632610702633
0.876184653315864
0.9848326477679178
0.9251775040727195
0.9856556048280203
0.8823738342371263
0.8598474792355111
0.9019070144791409
0.8506819940248637
0.9057318442084344
0.961135866396898
0.9107984444449383
0.9656448992562731
0.9322329952889471
0.9140452396640462
0.902635447649989
0.9306586425006479
0.8524202202657072
1.084343228280542
0.9158019323262601
0.8585030088185635
0.9534530691168935
0.826119216786526
0.8620936871718946
0.939340667903302
0.8847740235930643
0.8558024301351911
0.9870295288256119
0.9150312920520559
0.9478034879567164
0.8642077275409461
0.8549614516588114
0.887372128719793
0.8368679712591662
0.8764163073740815
0.8695370926691629
0.884844745230403
0.8887452081955141
0.9404874505531517
0.9720833174329646
0.9433559788716095
0.8529306586721629
0.9772962123949808
0.9556051596671086
0.8401097160462411
0.9138655425849729
0.9000687329838296
0.9326726008600749
1.0129977624757653
0.8926194601200238
0.9107202027951645
0.8636501226207254
0.9222539181161984
0.8877015110033084
0.8334629861912485
0.8652406137970617
0.8985025879127839
0.9238121814337514
0.9339347142044762
0.8855298396995949
0.9812764985955154
0.9090213258023798
0.923222206613017
0.9870122291635535
0.8516294694866297
0.8704226871648907
0.8691549854001585
0.8524256045892673
0.9233781035941735
0.9304232872892859
0.9839897819650001
0.8200691106291514
0.9257307796602284
0.8731132801893061
0.8999309238249308
0.878111496305408
0.857528684625336
0.9734440657619721
0.8631821746589943
0.9030440242500494
0.8904809700365279
0.9967900027838708
0.9509225565849304
0.9796261164967207
0.9946340485633366
0.8394584889806931
0.825957846656062
0.9218584223933994
0.8598538101380548
0.9281427044826391
0.9695104202561068
0.8766127273155724
0.8781178774834268
0.8996572520290762
0.9419994762003103
0.8931216249954708
1.0325877436850792
0.9740065886430945
0.8633320313516925
0.9160058340009609
0.8736284861645403
0.8422411124281011
0.898671168639017
0.8675017245111234
0.8504143993150104
1.0462677282244695
0.9064862943222876
0.9251466338340697
0.9797429919259073
0.8988359437505676
0.9552155875702633
0.9055717531345313
0.8903824495116541
0.827866406445659
0.9049085289425653
0.9039913229349886
0.8712179006846466
0.8515596324003124
0.8845244196903814
0.9367358069860622
0.9099364845155656
0.8948928544717331
0.8784836410929314
1.0017871362530286
0.8349329192289289
0.959694823018196
0.8477447803579541
0.9689853808669612
0.836261373491759
0.8614577898954419
0.9135051526435574
0.901655920176648
0.9520890679796967
0.9634623274707192
0.9103123166466112
0.9097699340411682
0.933788682418925
0.8741266978013983
0.870725011000819
0.8754851997822662
0.8841232974406255
0.919377039057286
0.8885677307551417
0.9049620205513111
0.8871930119525122
0.8549964231150808
0.9940169944778281
0.8795361560303387
0.9666122115875209
0.8487238486911942
0.8854706146601907
0.9139872581570954
0.8944937431213398
0.8308996515140842
0.9540477466722349
0.8981158125075654
0.8394829230436952
0.9514883578556701
0.9880963993292213
0.8825505487543935
0.8261706640982401
0.9514655996698668
0.9466862112163601
1.0979862940160925
0.9924030148039882
0.8946812586230728
0.9470537346692991
0.8674115855017902
0.9204751613975095
0.9320497551341096
0.8879531880117565
0.8843857202096038
0.8981816067585019
0.9175734962399857
0.8517615979517811
0.8713064888508145
0.8422816781368617
0.8907680932007562
0.9033329186932975
0.8706251103043349
1.0340454280703972
0.8949333266272537
0.9124094357464927
0.9244445782011355
0.8326500509127773
0.9441974113636795
0.8869808786493222
0.9160442503177766
0.903874606678036
1.021157866383647
0.9044558179663884
0.9046907066149256
0.8584463294368873
0.843519429456011
0.9108041050288985
0.8799900309191019
0.879323184976558
0.8991096872621789
0.9109306580268267
0.9768883651309705
0.9592131828495102
0.8822485271457186
0.8146677122630692
0.9571704800864616
0.9090859310440592
0.8416778935446775
0.8907243471883175
0.8380045432400391
0.8991580596199846
0.8671943587112303
0.8764264881202313
0.8590716428378912
0.834853574637376
0.8586600796569991
0.8520110559098198
0.9887764212672496
0.8821935557417472
0.8611213275572485
0.8837440309035145
0.8546902662277873
0.8596708758959811
0.8772306357989783
0.9127270695148282
0.869485134262107
0.8318217478622502
0.84318860678143
0.8338780728358349
0.8777598436111702
0.8748168353188615
0.9660760791693146
0.8361589341203224
0.8474898297804101
0.9388757640751647
0.9011365680510354
0.9610041267149052
0.9955975487599006
0.9160627139717927
0.9093417369166455
0.8350935723153864
0.9031844751871843
0.8466733947680788
0.838266188715912
0.9195536144929174
0.943233064605339
0.9668812482645772
0.9062910883797509
1.0224428495638467
0.8784961920947725
0.8707235932297873
0.8450485778511503
0.8889086451608667
0.959810962242047
0.890029167924355
0.9474157211498743
0.8280986582325696
0.8963462270431586
0.897891933894842
0.8983952675516764
0.8483503354070574
0.8522598970426238
0.9725685821854906
0.8959204124887721
0.8688406936989903
0.9034665841647056
0.9055828742543155
0.9974452937069562
0.8588009772606622
0.9415293776275007
0.8993840327151389
0.8733178027639911
0.8387449240071849
0.8890458890160114
0.8628334325404494
0.879093334514565
0.8877465172514412
0.854046707623177
1.1096686853784352
0.9381088451753338
0.8778581327358077
0.9240877988219989
0.8346056949230097
0.8894453380198853
0.8392554609310391
0.8685968558444873
0.9105880447191296
0.9057830612791574
0.9068265649861895
0.8611490330642152
0.8964967737770504
1.1450660183527133
0.9241980570186297
0.8965476556312852
0.8761281503908944
0.8749182190074799
0.8645209979792141
0.8938830703557139
0.9799609328615173
0.8628651739535095
0.9863957782965614
0.8454674131097091
0.8889518344044273
0.91053564382684
0.932892849349674
0.8806966897406756
0.8429380055106548
0.8456047784022828
0.8339121892694111
0.8873300791515588
0.8765932139429287
0.848592651279511
0.8467849401900531
0.875469876195383
0.8371351712056685
1.0257158618905213
0.9281928378579524
0.90626818127027
0.8259753927821527
0.877218247866821
0.9380029935895179
0.9095186668152984
0.9347819108429216
0.9310965734304765
0.9225700737671543
0.9098776076885546
0.8553069757204267
0.8735417246657813
0.864441501763386
0.9293347946723173
0.8834395255107361
0.8537741532106274
0.9448956184593248
1.0391990658762884
1.1084294281327196
0.9203585275773056
0.8681528088056216
0.926733492488657
0.8651363429355996
0.8805397818076666
0.9178677375206652
0.9942351220644667
1.0252103869830171
0.8845849091374441
0.9056000998072646
0.8497281779918844
0.8785077830647778
0.9779478616146282
0.9167348934535003
0.8897450463337645
