0.932293796955961
0.920798442320686
1.049286875805097
0.9163228332540008
0.9268205598980539
0.9641864354116745
0.9421321274092922
0.9173512675568292
0.9557530243496517
0.9200525194115818
0.9296403174385808
0.9235386535884886
1.0021404244062284
0.902131977072593
0.9408656922620917
0.9809024618498263
0.9742962066250864
0.906546402735489
0.8925217690873954
0.9097547697341036
0.897372449455052
0.9855623591611973
0.9377438722005277
0.8977022772040997
0.8944439936070225
0.9888878319508897
0.8935305951104298
0.9577616212196594
0.9597266019202026
0.9321626217498108
0.962020302524563
0.9188140084805605
0.8877540557181877
0.9144351117760356
0.9126583820430065
0.9207885091575831
1.0024207496931479
0.97097911745313
0.9903966015482879
0.9470480511795661
0.9015567077711978
0.9543893970134364
0.9613122961395024
0.9389695242353462
0.9707505873328035
0.9254603514308749
0.946253374872594
0.9415459290838184
0.9496552773916342
1.0336168803792403
0.9762704818723409
0.9096550076290101
0.9177155582849662
0.9033708214488093
1.0119708169383235
0.8939714946396206
0.957874644708855
0.9157740589038696
0.9070756368074777
1.0482921199536521
0.9677415153927162
0.950795420088305
0.9315638362603696
0.9108018063633861
0.9185389116798097
0.9078891877783958
0.909573681412928
0.9343181500896548
0.9254288622082425
0.9138972480836558
0.9412006797847781
0.9660011801062702
0.9054145306698739
0.9333485994229999
0.916024120500452
0.8950110918521142
0.9492553986605505
1.0185791676402944
0.8883734124553706
0.925545869005236
0.9113938719524729
0.9858941397399817
0.94111965490088
0.9466263295274682
0.9270072326300351
0.9478610432909123
0.8870401016303535
0.9195208602755893
0.9146072803387011
0.9235843414361659
0.9276347697852586
0.9367536509442417
0.9449710506078371
0.9335739748137992
0.9506142755650134
0.9843742042801874
1.0013557055223135
0.9470002283525424
0.9064803056335431
0.9931593051843203
0.9532800123718635
0.9484916097665813
0.944905926805185
0.9196390473924202
0.9074054373882308
0.8479155025133732
0.9285895241613754
0.9152513437920181
0.9494083750145972
0.9396840900344048
0.9629959843917119
1.0314885791229802
0.9266440709290392
0.9324794070154837
1.0137895531660521
0.9835022637190598
0.976035844618018
0.9642698481395027
0.947292090076584
0.8725441738042494
0.9141901041837451
0.935234442203489
0.9324756875577311
0.9477245130013914
0.9250983505147753
0.8921682753064164
0.915644076259528
0.906905421521806
0.8910482462167282
1.0471008122121994
0.9365678150206553
0.9500666586054138
0.9377404971940803
0.9364417691017906
0.9657378554889982
0.9161973627549165
0.9443006440512245
0.9805334025742958
1.082968253812905
0.9059029216083837
0.9971279482179067
0.9315580577751057
0.9648476337610183
0.9237735648305927
0.9034370869043564
0.9545667154652284
0.9001878789899834
0.9364875447692761
1.004369011060387
0.9867772725398756
0.8954117594552784
1.0003596985880503
0.9652399528094127
0.9763034337772263
0.9157071747652521
0.9314783741752763
0.9977753075714825
1.001534867112202
0.9157968246068983
0.9452833959680917
0.9355917560387559
0.9223192065315853
0.9762863442533972
0.9583115420592286
0.938395148997279
0.9312219759408895
0.8897522739864809
0.9406240772591978
0.8819939937939253
0.9109916888214857
0.9389115833557029
1.0285463966008621
0.9839782479085903
0.9024160818068552
0.8818864996708727
0.9231472261511168
0.8909829816982089
0.8946765637200759
0.9364424720105626
0.9366422050620112
0.8905732186073408
0.9082688939672475
0.895782231642915
0.9539292145945146
0.8966974996008509
0.995881808732531
0.9511553655321714
0.9055543570935353
0.9349350970684648
0.9581546352112026
0.9393093311995224
0.9325509417961597
0.9604758456021869
0.9701102485601374
1.0427664445454579
0.9273033521607653
1.0214679283088044
0.9214509178818153
0.935630594692999
0.9892250700426142
0.9725162309817585
0.958229369358108
0.938740620449557
0.919700240103178
0.9662191206162745
0.9199189349247433
0.8979965786341868
0.9625133506759818
0.9185293050128036
0.9093440620707279
0.9255582019412076
0.9051256964913175
0.965604872879387
0.9445214762063933
0.9516330223398973
0.9200645955495911
0.9939393278124162
0.9301068975014527
0.9223365734612139
0.9565667792430714
0.9450032184800956
0.9515745286551811
0.9162648490227803
1.0069918738615264
0.9779208502759759
0.95135149849384
0.9825763851056311
0.9734383107097436
0.9054825729846769
0.894574959457302
0.9555521010611037
0.9322123712696913
0.9322892500195673
0.866274635716131
0.9708571197422617
0.912968635851134
0.8700421197488611
0.9477172461082222
0.9127051011618821
0.9744700410647364
0.8980243253543028
0.8739702975061648
0.9316373504149011
0.927830470601939
1.0174292870367516
0.9663091993106171
0.9618789716023356
0.918867029701859
0.9299716504875365
0.9500836473486891
1.009929416396858
0.9408349246257522
0.9048891811253164
0.9525060579547111
0.9137934035558509
0.8818961857270248
0.9027337394412118
0.9459499547890943
0.9373273577299371
0.9362501085125179
0.9376860516599094
0.9442565377080937
0.9487484454383359
0.98776885119451
0.8791810061665797
0.8935790587257408
0.9662009441725519
0.9457490486248348
0.9355451371383139
0.960193946395425
0.9212453319025538
1.0195104188784965
0.9142408729168303
0.9459190409445731
0.9181980254191257
0.9027046146078191
0.9685004218678394
1.0416257288520394
0.8916985625155733
0.9735122564919656
0.9433643279396103
0.9744502814302606
0.9336166707811351
0.9019447888111825
0.9247562908022335
0.9941859752792221
0.9420841073108541
0.9453411614928007
0.9983656495560387
0.9603861860393039
0.8870547181799588
0.9383993567822376
0.8743813072744406
0.8881132930250779
1.0079786879453694
0.969179786804834
0.9209163229006917
0.8947029145518776
0.9492175684823466
0.8721617956617962
0.9056907448241922
0.9112760997410122
0.9060238247469248
0.9470011277416365
0.9183260080229787
0.9137374762232955
0.9900939776675015
1.0049841300534612
0.8975941650102045
0.964547916873389
0.9436869039720809
0.9060221554682601
0.9176049313072914
0.9057867149874644
0.9820990814875374
0.9013252193231293
0.9998734057829206
0.9506448602264483
0.8669853829077238
0.915014888573767
0.9127045456352478
1.0979481724935214
0.9356701157737617
0.8897612767203924
0.9014403145773914
0.9324930933197777
0.9383405637320614
0.8869622257823425
0.9752740360569337
0.9231613617419495
0.9042370096277461
0.9264002736342865
0.934937637531399
0.9727993820443128
1.028395953164064
0.9727710286788862
0.9884939580018037
0.9316985831373263
0.9798168196651014
0.9491677406236294
0.9054243625534726
0.9374294345287425
0.9063010455042565
0.9237731362500388
0.8929086755989574
0.928903271566968
0.866359429023501
0.9917929860853265
1.1650845023971401
0.9629699334961928
0.9934464853630472
1.0279745172714758
0.9837239708891031
0.9872159960921141
0.9933958459574479
0.9306354802157942
0.9574895957814418
0.9137889119531072
0.9470971106546123
0.9825896733998956
0.9852936771753987
0.9387932552732097
0.952471015202585
1.0496279851771075
0.8733822708825036
0.9357877834546187
0.9283564640358359
0.9495515759900388
0.9564349996045505
0.945334213246706
0.9465900679393602
0.9005053478866627
0.9886252998737135
0.9133163143137908
1.1193760236220682
0.9851337339365778
0.9102802344388456
0.9651789950328907
0.8702380199120442
0.9225099501785533
0.9085660268462981
0.9564963217629736
0.9630701438245761
0.9373856145399312
0.9490085778131915
0.9260934916869177
0.9615619010326042
1.0033593470124378
0.9520434669057415
0.9740795956357486
0.9699992794558701
1.044315914769632
0.9670938046528301
0.9145480472306556
0.9373444669541442
0.9308619091820566
0.8899855692140033
0.9029537617348027
0.979685278569142
0.9799777316684726
0.9231554047283769
0.9114219292025924
0.93452945043284
0.9084093405922153
0.8910305840437048
0.9041132665269221
1.0024579880406974
0.9230549920734906
0.9059448506466703
0.9288865848830925
0.9234939938524854
0.9710773763090559
0.959766475207287
0.9181831064295967
0.9431946927489981
0.9661562526946714
0.9600467120895789
0.9140684113699032
0.9599600605427245
0.9564674839967999
0.9168369293577503
0.9402630050799252
0.940642264946268
0.9128962437401461
0.9124552891403698
0.9258987093626913
0.91413697673087
0.8919995444293971
0.9611974678749039
0.9237135172090288
0.9130294734313932
0.9360652304635467
0.9288519246996391
0.9298309331829878
0.9718569669873098
0.9543704838063909
0.9018822617051298
0.9567936047091101
0.9264888958815943
0.8994149492151815
0.9453555015808841
0.8634879990017704
0.942114379108111
0.9673438824675356
0.8855317813873894
1.0353800532553186
0.9451433517100951
0.95300868183823
0.897965582014751
0.9608160297712973
1.0275399296040613
0.9470478489129229
0.9790156688612566
0.9525999403814723
0.9355667963014309
0.9321884762379449
0.9825878271376819
0.9614040846506375
0.945874324083145
0.9903427443630863
0.9415789209567348
0.9234994912786447
0.9272378340836546
0.9373817576582688
1.0326673137701499
0.9344223826020839
0.9374335205959146
0.9803196872711775
0.9748491952859767
1.0123516245974373
0.9988025671124087
0.9205807769001645
0.9541623029830064
1.0104975119168185
0.9501465939441114
1.0326375147170967
0.9312786968886186
0.9439912279095636
0.9423714415474167
0.9968552204775605
0.9519328325848357
1.019148343136234
0.9051142964363555
0.9548857837241538
0.906346719429177
0.8794456330659054
0.9192697819079138
0.91883424139906
0.9110952011349863
0.9674995586151263
1.0133118314310419
0.9151559175670639
1.024957075098091
0.8886193782517938
0.9152588427336522
0.9661362813861103
0.9390049818755172
0.9327396416650615
0.9525696910644319
0.8938332685594711
0.9103698058100375
0.9326422981583605
0.9491875827549467
0.9891358901630226
0.9181692676678175
0.9701745021364607
1.0381300371764723
0.9408828726310352
0.8853167944245891
0.9188275830190437
0.9039051484468131
0.9216715651760654
0.9391952241555596
0.9471220628282093
1.0017011949463097
0.9327892557312011
1.0178432607315484
1.0221386554741314
0.9207363422565964
0.9209620578275068
0.9025417995350812
0.886053491931381
0.9208535300127187
1.001051684941248
0.9003058910987218
0.9444389210129441
0.9767891522764697
0.9685006167613597
0.9930000763027825
0.9421824151075464
0.936845969020807
1.0228091140778344
0.8850798320961882
0.9668818155906762
0.9190834247273922
0.8774323272364282
0.8769284143787631
0.9408178996556772
0.8766993944326069
0.9554014861485177
0.9872319836702909
1.0813467819987574
0.9799525702245945
0.916837616327042
0.9176659014342874
0.9487089922855865
0.9733107823238587
0.882000591010949
0.9027504959026033
0.8968212694702377
0.9512284854312754
0.9067397172302996
0.9865651978893717
1.0495938741965416
0.9518626202837203
0.9575108043107355
1.0550820125901679
0.9548922450456778
0.925321666150627
0.9697741387384814
0.8856018576658234
0.9067154522798271
0.9515786595619523
0.8848489946276966
0.9725933864493482
0.8897144274362485
1.013794297737336
0.9315972785693059
0.9523467078144195
0.9892051969962323
0.9167709827086535
0.9261426590782931
0.9746671432889115
0.9490382326482225
0.9389178977279237
0.9035954517075957
0.9080968117900736
0.9085388094901442
0.9440322353831697
0.9096393504356106
0.9997257831663127
0.8907955189333537
0.9769513415911266
0.9379503080827168
0.9598697750642056
0.888486463482443
0.9366894361613483
0.9700744584040613
0.9156625149119946
1.0230219986197566
0.9469584726894096
0.8780975530021138
0.9050926593445696
0.8900857859774032
0.9029307845069344
0.9077864687635896
0.9091152282476478
0.9694029333591008
0.9671714229479509
0.8972743042153416
0.9422896451649277
0.9690353572372656
0.980521260709177
0.9982088886542271
1.0768278701230167
0.9337054025629912
0.9232562875830473
0.9082620206529869
0.9282211088747396
0.9970616049001871
0.9415741797364009
0.9103550511761033
0.9215224989162475
0.9033435044366738
0.97476085629505
0.9623775696935977
0.9812776403944445
1.0011342448721092
0.9175525870188416
0.9356065126369648
1.031102988362528
0.9528975842546645
0.9431875045985699
1.0569823112713104
0.8803994266980006
0.9636899669636035
0.9162876702213416
0.9575946944706935
0.9822495717665765
0.9287644145821062
0.9419492665706856
0.9541622700202493
0.9533471993047938
1.0040776917215752
0.9586459886640093
0.9035712408383638
0.9488540073118656
0.9096618334809631
1.0274245611980772
0.9478249677414832
0.9272624014152606
0.9270512224208736
0.946804816287599
0.9094709338913913
0.9448642654789449
0.9249980535541348
0.9866538224101247
0.9120223836810887
1.137514827284752
0.920410083498686
0.9474198115822934
1.0051847838558827
0.973409213809676
0.9203386416282452
1.046808905720263
0.9488778777216234
0.9160688254441186
0.9245991877369346
0.9155694926986551
0.923894685642744
0.9260747669885836
0.9755888705622711
0.9948890278259854
0.9342054944256952
0.9270521024149773
1.085022046191113
0.9540048492501315
0.8998093032116541
0.915659181847916
0.9285451955706059
0.9443930030482657
0.9392441802719219
0.9951024915194584
0.9528640975198882
0.9684985740214019
0.9677776595297438
0.9309255673290396
0.9156828503990788
0.9123883696667601
0.9699422320036756
0.8991162000181309
0.8876313334527467
0.9119364712388585
1.0109158786527912
0.9355608663956972
0.958643676760843
0.9334587778473549
1.0231062797133386
0.9196876044185339
0.8785369779649996
0.989043855256456
0.9356674559381033
0.9537447249895223
1.0315967858260606
0.9014162662825624
0.9789805610352698
0.9252267169273521
0.9034528026166602
1.0004681365980082
0.9265113051240248
0.9265101622586742
1.010154812757309
1.1096278887844961
0.9198607882619005
0.9356014477866932
0.9278830360775453
0.9916611902963981
0.9431018944865991
0.969357540656429
0.9065189838955623
0.9263961373995941
1.0257365636662066
0.9497945407081194
0.9231196789419431
0.9663449669293487
0.9364481014968911
0.9258033344084662
0.8643708919749644
0.873814111593862
0.998483450388148
0.9179615777843046
0.9461787885183051
0.9560895211257433
1.0220683695799888
0.9302365005186224
1.0366974167026615
0.9276396120639901
0.9493543171117541
0.8886466523114395
0.9044644666103422
1.0019646468009191
0.8726172489896933
0.9494664261963547
0.9329020563181459
0.9171324248905749
0.8892477259866693
0.9419826811344758
0.9484007187156458
0.8761593598472988
0.9593977014638791
0.8989738442103796
0.9947370625838288
1.0027076126752048
0.9878690246359119
0.9029435145321414
0.8713427615694783
0.9294182001157649
0.9743027234619692
0.8669786835739421
0.9564153408642625
1.0310466285516473
0.9481770903137383
0.9281030226931428
1.0277067287029338
0.8971190602429162
0.8896706971382597
0.9307636797013689
0.9596016905622313
0.8810414943657662
0.987903461080814
0.9469060736764944
0.9766608289232177
0.877518416815907
0.9804480845156571
1.0811612420177872
0.9201712550328314
0.9065563675650745
0.9429425924616481
0.9305499906521375
0.9206185113280118
1.0081831376152837
0.892543481782796
0.951313875818403
0.9658747274556173
0.8744465801672776
0.8974348808338483
0.933026870230602
0.9197360286467868
0.8981556761695738
0.9058647505921246
0.8638078055710033
0.9742266497149323
0.951846020499214
0.8950244305064675
0.9207507253140124
0.9192927112143129
0.9267222961540537
0.9426090022391929
1.002557331729935
0.9073955270057485
0.9601712799958749
1.1040918169833465
0.9369204957100863
0.9810543285831628
0.9990301694681292
0.9719372391152167
0.916600332773905
0.9712394025028088
1.006564705272308
0.8937183753255619
0.9127576690618645
1.0755809027266756
0.9558809369281198
0.9538516690281131
0.9366894481261168
0.9017568075004259
0.966781327645085
0.9148970813389962
0.9335939293848764
0.9293837899541266
0.9313590961421772
0.9860184123472022
0.9405621692789198
0.9061900374325081
0.9124534425690272
0.9368977232618496
0.962841316369097
0.9142983415388115
0.8808339319560149
0.9215445699961945
0.9361139097549753
0.8962029424573905
0.9712805907858195
0.9589017270987981
0.8916003239564617
0.9174825067503816
0.9874780718835454
0.9192565909464652
0.9635908539512725
0.9789029224278317
1.0003409976999753
1.0301359611677707
0.9249896343811267
0.9369014863137235
0.9208979694802675
0.9090487708328038
0.9436127698053283
0.8862548342118122
0.9317462703866539
0.9574994882220585
0.991931528083479
0.8990189100072417
0.9069991424469495
0.9037121071425116
0.9825471645547766
0.9831094593556429
0.8921473418971495
0.9674330636140072
0.9838602649108792
0.9525009277113463
0.8878153644043835
0.9564645739011388
0.8747483198081978
0.8775850090576199
0.9708855308028829
0.9740131773428232
0.969235746421157
0.9641805777857605
0.9168558287099888
0.9106995258793206
0.9320703847000371
0.9699264844079607
0.9030189177511624
0.9923090883500362
0.9245086996431203
0.9009998117110983
0.8664166467909287
1.0543641110766804
0.8623633473484824
0.9988394104211311
0.9110877336421782
0.9191989842125815
0.9564389511608385
1.0105761019339936
0.9305066179323727
0.9558927393965855
1.1659011991156651
0.9136393662588271
0.8922850030199844
0.9555924502364961
0.9012025520536436
0.8843310270113088
0.9589307525248141
0.9616958396166821
0.9337051075548548
0.9606297262188412
0.9378378590471144
0.9668728342685617
0.9253399472194936
0.9490198212401041
0.8800155163688033
0.9253414916291086
0.8599621246117648
0.8958200641221216
0.8910599293665352
0.9274954729935435
0.8693380576140673
0.9338342544876658
0.9203435213408988
1.0436242523759143
1.0134048898127588
1.0353983388236023
0.9833985315598127
0.9033065508187915
0.9742649875209679
0.9898589491051261
0.913315809080407
0.9591703717090273
0.9369069536227235
0.9154397376860389
0.9065677337013041
0.976325464906559
0.9307543443418257
0.9534192717040378
0.9847507035965327
0.8884197288018497
0.9599414839642433
0.9260592282866271
0.9585598845858854
0.971488596374819
0.9026157928877436
0.937631579935993
0.9069173197289288
0.9098972016452823
0.9241973064206375
0.9980502260072881
0.9000304966479462
0.9307692882931534
1.053536632199965
0.9818592786342506
1.0132266202233855
0.8924418676682295
0.913142671962573
0.9089809011534448
0.9206147185065875
0.9136465863608815
0.9626375616177345
0.8975474980425091
0.9011072505663236
0.8958700864496467
0.940917364160213
0.9379224232569053
0.9655808229994918
0.9889841316055421
0.936517674503216
0.9212554344453366
0.9270823677805765
0.9066055124450264
0.8957626194966425
0.916765570131277
0.9662838687162271
0.9358011398334667
0.9017853245562727
0.9414707008946768
0.9043948619082286
0.9179526808734139
0.9584604342810257
1.086802292513449
0.9495008830478722
0.925791047763478
0.9650835252019235
0.9464126543027613
0.9698319977324666
0.9218815566439672
0.9244331303716622
0.9163446428955129
0.90142407569904
0.9284276308240041
1.0008945273459824
0.9027419201399257
0.9420145289681866
0.9253060313004599
0.9708661369655058
0.9928702336765514
0.9651073910515044
0.9259606068319819
0.8904117992365796
0.9282265067435714
0.9274192321012805
0.9869631533221453
0.9906556658972758
1.0022722843372902
0.9118314898991164
0.8996440853670927
0.8664897452191275
0.9737486167639592
0.9586971982656664
1.031843159630073
0.9115552098055419
0.9519944596607516
0.9165544744008766
0.9716620445090371
0.9093256476233156
0.9454430141583392
0.8976923526909891
0.8598533746430421
1.0187369013972623
1.024488676311834
0.9170213976337934
0.9986711812594605
0.8824466760294418
0.9379526263685423
1.0762211542554652
0.9048983860943199
0.9884740962627314
0.9567885206067389
0.9149347600673152
0.953856351258165
0.9306284416270508
0.8970788845242117
0.9892725735567718
0.9190752637830927
1.0016786065118075
0.9587812605732842
0.8833379193458397
0.8904224157943954
0.9422409430474447
0.891523624907643
0.9323989742876063
0.9494255119013469
0.90289194565598
0.9532503094160492
0.9337140672296426
0.9949638890599506
0.9425072684979049
0.9294601377652612
1.0037441851408606
0.9956529558844351
0.9795275799859806
1.007214331300131
0.9162698586233897
1.0304876679096782
0.9195850959653529
0.9354895988481886
0.9424819121820881
0.9358562690626344
0.871659085777716
0.9813600567583967
0.8965967874864441
0.9461099868534253
0.9602560064368211
0.8935436262376306
0.9177703697493014
0.9348180087481296
1.0496357780390433
0.8668460302286274
0.9548944389526357
0.97243398506318
0.8592771041217047
0.9952045470311046
0.9438726749979023
0.9089431586865514
0.9196196720307729
0.983150024716545
0.9387323205410383
0.9765367354932802
0.9528560680895377
0.8908760243446806
0.9230540634969501
1.0402548733838737
0.8894804677903334
0.9409684951545317
0.8921722429078571
0.8933386929217688
0.9392975026684004
0.8962944215793565
0.8856984793735295
0.9243139978941062
0.9028636571099016
0.9532581794944048
0.9629203068955949
0.9766901160622141
0.8875598527774364
0.9486138440862384
0.9100686121435893
0.9332049213129899
0.9610032107384363
0.9141329627849469
0.8988725869793992
0.9943172577846978
0.8715063670516005
0.9912977326973246
0.8721565875889231
0.929722022950831
0.9340218114010426
0.9344724285077122
0.8733296720368825
0.9174879548514796
0.9505704664070425
0.9850032448413183
0.9544360110349096
0.9201449764956673
0.9216230089504907
0.948335747588618
0.9663190563825443
0.9309579771795785
0.9908710260132205
0.9389554658793884
0.9171679455574935
0.9044295674254119
0.892311442228706
0.896250885580905
0.9156576511700871
0.9206002861836983
1.0990478574795803
0.9614119673082684
0.9457733389939602
0.9477611848781343
0.9619803377866714
0.9412005214493925
0.8889092564559251
0.9905659469225342
0.9580191948236007
1.0690326848389695
0.9341470486802361
0.9086776416078759
0.9129707278238963
0.9223414916355396
0.9558461183905794
0.9212396846566496
0.9920320686383726
0.9369501080921971
0.9609086367557316
0.9451757384479222
0.9527132755417199
0.9434820463030397
0.863601415625384
0.915641959587245
0.986828773142078
0.9265520422886321
0.9658045486033637
0.9787855838443195
0.9343194556397955
0.9159575963165457
0.9785074273457155
0.9107977175018604
0.9791068944343497
0.8995241856415058
0.9159820521786676
0.913524058314833
0.915299898418889
0.9572969701305754
0.9724234092413168
0.8818648335627263
0.9401977969357638
0.9341028175105607
0.9902106697274748
0.9662252264022941
0.9757622121530236
0.9522403079455607
0.9585118616337505
0.9232262617694864
0.9216727509192898
0.9455217922555187
0.9585604397579659
0.9095131326925248
0.9097660085308565
0.9266857119725307
0.9514382661664824
0.9394716026732168
0.8836977938090149
1.1276540024107309
0.9047335405134531
0.9021555083230554
0.9011939851272215
0.964017113732339
0.9581287890011037
0.9628812404338474
0.9274687991855943
0.9303149510929726
0.8929335992002839
0.9272043738616861
0.9456204692558984
0.9798945347761314
0.9543942905925467
0.9267295374658074
0.9850293179051521
0.9983401930118333
0.9502463905424967
0.9543825790904574
0.9936877988697267
0.9889123511364899
0.9314130058043549
0.9148597321371603
0.8939574196533843
1.074946666461447
0.9002400000260898
0.9937428386351174
0.9349728165584817
0.8978567967672404
0.9218866110589361
0.9387795473863837
0.9102359627023066
0.9398444750724382
1.036013151528807
0.9537787811916306
0.9628689460091662
0.9533893642198855
1.0423505556209538
0.9215383182640294
0.8784004424365124
0.9580034667219257
0.9209033853282729
0.8850988243536955
0.9073235471691099
0.9079022021394456
1.0879526095183802
0.9462073223186112
0.9488748158871518
0.9221630653215631
0.9237183667030431
0.9904943650821714
0.9153387177580924
1.015358869539787
0.9117117722660222
0.9599702718373915
1.0158645733893772
0.9487266596627888
0.9607058861931028
0.9499657772628273
0.9754193942180531
0.8679317840534845
0.8895210589034726
0.9122368262721312
0.9969176273523532
0.9136573537524181
0.9141744992549905
0.8777443300422769
0.9495408737948939
0.8892095436417022
0.9416766665103158
0.9489067402282984
0.8941222332528165
0.946163141227583
0.9069943829411321
0.9568389387128395
0.8886114371580942
0.9384260878490827
1.00451272631435
1.071819912320483
0.9495063324384863
0.9322851702319368
0.935790634762858
0.8958351634191264
0.912533985777978
0.9048797298891904
0.937960617195383
0.9721377585124409
0.9350298144724613
0.9495927165712026
0.9394468761945434
0.9330993328185149
0.9694082808849751
0.9093672806842497
0.9778902069609215
0.9301231135185949
0.8994351847135991
0.9556675283841519
1.0601048716285602
0.9370075834866866
0.911075371588956
0.9287381511755407
1.011784092749086
0.8832054335848527
0.9266291730814045
0.8708535394901818
0.964905584144946
0.996766764589956
0.9362306710403395
0.941175812145863
0.8970507582017414
0.9216677689750408
0.8845763561425214
0.9431789158252977
0.9196534501367922
0.9494492012197009
0.8894852979371343
0.9562338810737746
0.9375638681694357
0.9456585747625565
0.9598303793989862
0.9026209418501673
0.9151931874346246
0.9465988042250462
0.9130243017626434
0.9231543744853306
0.8938237975654645
0.9202350182533664
0.9506216029441553
0.9389287625408654
0.9597354937363457
0.8869209355704277
0.8873755651778532
0.9270107802670399
0.9715782562573976
0.9217506537062073
0.9199345700062627
0.8616473400828398
0.8855448682021014
0.8942862134194329
0.9760905630457916
1.1462854445716184
0.9281565811153084
0.91056468562817
0.941643955604202
0.9266188443601925
0.9841232607542757
0.9382177548992707
0.9051353749210869
0.8701737588602019
0.959857731020881
0.9235194071694897
0.8946364942089957
0.9034745057013068
0.9341375934877785
0.9268357144177806
0.913830047991432
0.8872271325689786
0.9972436298242269
0.9666256527195267
0.8803653069816149
0.9444568507690198
0.9078574409410646
0.9946827672953953
0.9864755382183381
0.9513728026895923
0.9397422139494819
0.9411594106375256
0.9888990321407886
0.929186983523482
0.9415816518877201
0.9271119163440003
0.8826163023016312
0.9781789076121613
0.9635600273292013
0.9214636902226695
1.0276487889786297
0.8898785201485163
0.8856641197205558
0.8935690022865774
1.012242138086664
0.9128611135502804
0.9133612275309806
0.9090004309783497
1.0344954397892716
0.9106129146410129
0.8926643405435816
0.9314039879538046
0.978617123760801
0.984234287338564
0.9421826396706154
0.8872813869519312
0.9240107971943307
0.9409580280609405
0.9776023069464069
0.9947873390253696
0.9302002764253322
0.8791505641879575
0.9959651132735866
0.910102721694715
0.9142674058147873
0.9005298623342638
0.8887862720122294
0.9084955449189686
0.9235595289869174
0.933110196946136
0.9040497334074981
0.9553465372249323
1.0138516303942156
1.0112972846934618
0.9060976537702016
0.9183752675802453
0.9532322927943147
0.9344127103374686
0.9318051662306565
0.9124504423850963
0.9614505353034064
1.006869003615331
0.9541525197002042
0.8989108521245691
0.9045597034681616
0.9716519053918093
0.9228046479182331
0.9535984942445717
0.9356724484991865
1.0270302165978704
1.1032242898654125
0.9335271671469166
0.8910453790455535
0.976804999693371
0.912528424333185
0.894442859052579
0.9438136199427752
0.8675743831918309
0.9397181677689914
0.9529957369005181
0.9633239599245831
0.9461990472432953
0.8941632964489915
0.9748614397520408
0.9364240305572658
0.9853375785145654
0.9308002412686562
0.9318396631395451
0.922879414996068
0.9277661066095451
0.9496511997026404
0.9022351191740742
0.9667994670112476
1.0384167391961427
0.9161639203069218
0.9288860770041275
0.9253875879374238
0.9425350385015436
0.912218493431434
0.8716598212096107
0.9219344832325064
0.9009517467892758
0.9697809549014427
0.989852932069191
1.1159028890639826
0.9259060130334452
0.9652486933809341
1.0516998180538037
0.9680235419623688
0.9290620274121023
0.8997558074292558
0.9590218769749148
1.0214420830501167
0.8805794160759143
0.8967897653981727
0.9295957872575891
0.9474429107959944
0.9242590535161256
0.9163968502296124
0.9257540429900253
0.8924057595605159
0.9409111536472282
0.9155486485806351
0.9436157335592381
0.9253474806416311
0.9293791994481817
0.948259993832273
1.0216211130037383
0.9716977499003088
0.9232357680740859
0.947848869326873
0.9432197465102621
0.9828929585502015
0.9262798448608629
1.0226078501250617
0.9117089055169336
0.9171443022313699
1.0143483284116044
0.9369258079312589
1.005124963636387
0.9140728317343091
1.0074351925176868
0.890463617371278
0.9328377858597254
0.9488387148700917
0.9474651683894935
0.9391353637690223
0.9570494059638042
0.9097143358749317
0.9313693586970392
0.9098437278882677
0.9002707641299382
0.8835945034603591
0.9446060423385355
0.99915533204661
0.8779972906201908
0.9232873665501621
0.9428735569506537
0.9240371276739465
0.920645467487148
0.9192397875339071
1.037737693077312
0.9431569048066084
0.9527490790477666
0.9373536911473267
1.0515398649900338
0.9244624561264029
0.9903922003018729
0.9032263050928895
1.011406957740488
0.924194031081591
0.8853304530105794
0.9350322704580994
0.9330884052131376
0.9291455347659098
0.9392077908419824
0.9547058577119393
0.9375250688113199
0.943528860531156
0.935758237714724
0.9056806022902034
0.9029143580563891
0.9470534504573405
0.8770146153534273
0.9298360946670933
0.9075600981103642
0.8919313794872644
0.9330333234581609
0.9218343374250735
0.9559473897531354
0.8604478261895223
0.9321366999400835
0.9842695536538913
0.932232146128099
0.8783951549819808
1.0020826555741402
0.9598977451869851
1.0027089467942645
0.9109631526627142
0.976327844378714
0.8868184444770127
0.9989774451991187
0.9945677468533011
0.9454646309866472
0.9872195697177628
0.8866201094109006
0.896317677293125
0.9241386059883552
0.9182815958894186
0.8968012086438226
0.9047837289866496
0.8818721009145386
0.9388223552106134
0.9882915160683591
0.8791642516605211
0.9137179913919483
0.8887906254953886
0.9160792887949787
0.9146892450830812
0.8917210147052441
0.9424049480988103
0.9210546137547638
0.9733684912314936
0.9322595506278498
0.9801393387444661
0.9939908946324327
0.891172219924933
0.9021987714249968
0.9322589380570447
0.9081834058176028
0.9487432713075556
0.9180655772740546
0.9095085518349026
1.0403893348748048
0.8871862084623405
0.9481779385959922
0.9218000307858082
1.0720155706819234
0.870801215395945
0.968015964323785
0.9050999299802898
0.9238737930000555
0.9292282250482667
0.9697071991546963
0.9399137091237701
0.9299804760290258
0.9335086516449635
0.9682119329630454
0.9556343419628276
0.9171209889279635
0.9077906962736332
0.9591202181171028
0.9179225928903126
0.9402679606531305
0.886578584364976
0.8955364605293954
0.8782233803920922
0.9021431967533831
0.9681379988681039
0.9638386579291149
0.8872395496816953
0.9757199345790907
0.9251895105167118
0.9567292019041699
0.9523894528930529
1.005605037030943
0.9170335675153408
0.9803921653736096
0.9313035221170562
0.9532567995826666
1.007746532110728
0.9100328028500241
0.9640889622388955
0.9386236400340477
0.9110938984387253
0.9635516695432311
0.987875947011556
0.9697518901662435
1.1573446155835967
1.0155954595703602
0.9058807844471155
0.9264257440508414
0.9211755957270373
0.8784399011826061
