0.702422001823122
0.6946134549482321
0.7068801330801195
0.7397550537336098
0.702728139570441
0.7395164313186071
0.8369737213221708
0.977429626764856
0.6886249642730577
0.7766969503987058
0.6996947463813002
0.7332882249026014
0.7172408639028902
0.788330796746884
0.708722125645286
0.7056070175547123
0.7858414920993494
0.7260072409086581
0.7083904882986268
0.802665997076224
0.8531700123216026
0.8820947476594865
0.69566824952612
0.7011006629821156
0.8656916110516136
0.7841726246289535
0.6827776175481305
0.799237314185997
0.7199175823045325
0.7805007730846003
0.717016324935164
0.7228565326788722
0.678907418250855
0.838721933381688
0.903075554779935
0.8021222328562292
0.788330796746884
0.7015881398017817
0.713465050286487
0.7985968680547137
0.6922367155183978
0.685653225383988
0.7050352365288274
0.8959851417063432
0.7130988776984293
0.8271345473043366
0.687900378558404
0.7827511272515015
0.6925907831650018
0.7107065690302501
0.7734306983188408
0.8225524356255256
0.7643189144997657
0.6891254895789288
0.8683327130710317
0.8339856501998173
0.6964320115480324
0.8063277272595885
0.7166260873883292
0.7069894449579303
0.7250572581549453
0.9968205942475351
0.7494950840491769
0.8967888635900751
0.7050965379852958
0.7805007730846001
0.6988599330083216
0.6978752744788611
0.7836538997563651
0.794357971099793
0.6855384648614388
0.6955757517709555
0.8665129951220126
0.6883760406562246
0.903075554779935
0.6930368504316897
0.6933838109495946
0.7331612196888944
0.7642234905976095
0.6952524653401932
0.7806750357540715
0.8173888658525056
0.727925769666695
0.7063291153798195
0.861247745270506
0.6689481185862286
0.6974037256473182
0.6766231526746879
0.7943579710997931
0.68274949966737
0.7603802170681925
0.7847947364360386
0.726007240908658
0.8977322963639562
0.6790182384085829
0.7644169839293862
0.9007177189581104
0.7152596755354302
0.7153046317767053
0.7995417716809737
0.8300766274391592
0.7391667057912292
0.7508903345315499
0.8656916110516136
1.060287060238346
0.7050352365288274
0.7409924556771705
0.7274439356304608
0.6791580407600921
0.7422495752672235
0.8249808856219548
0.812760368927192
0.849237952934615
0.7141184889318039
0.7992373141859968
0.7117904250196108
0.7019455543112918
0.9153761091890227
0.6938905996236162
0.7845744190071885
0.7212121664789692
0.8656916110516137
0.7788114717117578
0.7822618176433089
0.8694739558170705
0.8570899037704448
0.6970469371750828
0.710425334390888
0.6678450438657832
0.7275792573717248
0.6815803201125433
0.6962848539545795
0.7034879437724633
0.7209897028621254
0.7299521363968252
0.7217453939247594
0.7392748086796308
0.832854020640204
0.7222351101685913
0.8570451107677652
0.7027994991371326
0.6858479063968884
0.8135104926346157
0.6778748138667805
0.7798965740044587
0.7967243826558104
0.7155933320273442
0.7008955058553699
0.7212136310676344
0.8588477691785719
0.861247745270506
0.7243818921697815
0.8388873736013649
0.7178093309310127
0.7698073438711552
0.6994262250934907
0.9039778076248757
0.7807052699323267
0.7160168743521248
0.7918164367350694
0.675177465600859
0.8388873736013648
0.7099802476362875
0.7006396981802121
0.8560040309986898
0.706322763150147
0.7086624902771326
0.7024220018231221
0.6968778457249142
0.7011006629821156
0.8045737836977636
0.7022094146978524
0.6898921453334182
0.7830057720479967
0.70797065592371
0.7146499889302329
0.681524736328616
0.7069894449579303
0.6985915579227489
0.6835732962166055
0.675581957043735
0.849237952934615
0.8721071342360355
0.8023880717198446
0.717016324935164
0.6994746501875686
0.6955284471746106
0.7827173838585489
0.7093365193004217
0.6982638297051917
0.9153761091890227
0.8517293817293826
0.7078052157040331
0.7086056217463972
0.7906991951617388
0.6925913028249244
0.6947788951679089
0.6991441474034537
0.6933008771288208
0.7081995995770217
0.6789344703415767
0.6940167059256607
0.7491438489045362
0.7153494963678904
0.6846524351228692
0.6847013033785178
0.7031969536383896
0.6848169894224875
0.8455979593386016
0.8824581073200839
0.8021222328562296
0.8961949820145789
0.7729565507980732
0.7015881398017817
0.6907864527562384
0.8013883992700161
0.7750706300564695
0.6982025282487232
0.7933694014445127
0.7255523308980492
0.6937707052979498
0.7388945940559257
0.7030689325221625
0.8612477452705061
0.7232095995734107
0.6912112599497043
0.6732630369867284
0.9678138819873064
0.7313158838686793
0.7081995995770217
0.6922888992522896
0.6979185240134678
0.7992373141859966
0.6926602578431785
0.6982025282487232
0.7090439014495389
0.674270929316554
0.8570451107677652
0.675177465600859
0.7766969503987059
0.7542736350063357
0.6694456440841762
0.8570899037704448
0.6938905996236165
0.6994401070438063
0.706955034515502
0.7170265339535615
0.6938905996236165
0.8711627375299908
0.6947017608903912
0.7933694014445127
0.8539219618828197
0.6951652900005472
0.7149977467092734
0.7368683236938945
0.7981978574554685
0.8098862321294658
0.6815803201125433
0.8219656893132057
0.7031299339486755
0.7114293487877527
0.8205010125536187
0.6934462536798001
0.7187619912308921
0.8356562473648359
0.6930885904024258
0.720490121122855
0.8653031338040518
0.6875877809923976
0.6908835206965367
0.7447625067974097
0.8711627375299907
0.695571647682981
0.7090439014495389
0.8721071342360354
0.7004619601378438
0.7223875832297959
0.8675955012191637
0.7252207848970983
0.731481324088356
0.7665309078660301
0.6925293145459441
0.6742867831318725
0.7603802170681928
1.0352641336741508
0.8531700123216024
0.7116556539122106
0.6846611999610914
0.6972207685776629
0.82088355661454
0.6844672940371545
0.8536671570485803
0.7637873984244327
0.6933353088800138
0.7051107680240696
0.6736774658393905
0.749143848904536
0.8639303409120926
0.7992373141859968
0.8743456379163503
0.7088908985359974
0.6819960049562593
0.6930885904024258
0.6912299148515365
0.6851537387498148
0.7391667057912292
0.6938514821567207
0.7025469495337437
0.8021222328562294
0.7411586566098449
0.6892951523891995
0.729391723436825
0.7274150939767697
0.6967110035068915
0.8388873736013649
0.7836721661622474
0.7019738886923742
0.6926602578431784
0.7069916144814234
0.678852798188906
0.7194018469027178
0.812760368927192
0.7010122203386353
0.6911730463208009
0.691363872205148
0.7410036428409845
0.6991968717893166
0.8592376909212025
0.8195362170149988
0.8098862321294658
0.6801527870687213
0.6959627317252131
0.7188729183525617
0.7933694014445128
0.8959851417063436
0.8611277683326766
0.7050352365288274
0.720842664928446
0.7905521881844222
0.7141184889318039
0.7086089375877641
0.7116556539122106
0.7104657999637727
0.731481324088356
0.7934557182548521
0.685504350646567
0.6938805526786057
0.7008935070626807
0.7199623699169865
0.7202507756781885
0.8539219618828197
0.7031549844736501
0.8980537665415254
0.8615948852942577
0.6886150327472043
0.6886150327472045
0.7153494963678905
0.9043474159964958
0.7152849504931464
0.6848641484367695
0.72041186798261
0.6689481185862286
1.0115985169221648
0.7021831034079563
0.6935312902065335
0.7167380513400993
0.7438718321724168
0.7201914047525749
0.7127444355476609
0.7259035660426901
0.7232648074322787
0.8135104926346158
0.7148943201166744
0.7994027544056739
0.8651503494991646
0.6908610203566358
0.7332882249026015
0.7845744190071884
0.7200425300151541
0.7947823498594897
0.6814675837853739
0.7995417716809737
0.7689483646434482
0.7810816979848211
0.9007177189581106
0.86711565801199
0.6793877399591062
0.8566278418055369
0.7933694014445128
0.6930885904024258
0.8671156580119901
0.8036666280686315
0.6835772301180372
0.7972545743407954
0.7203313601428525
0.787773600438332
0.7160168743521249
0.6967110035068915
0.7199623699169863
0.6840754468250204
0.7970588562260673
0.8757492407925854
0.7252207848970982
0.7798965740044587
0.6826112285861516
0.7542736350063359
0.7119862555955775
0.691327585203386
0.7037417798037326
0.7042317972412387
0.6855043506465672
0.6672769419080845
0.7410750599509703
0.6863126744350476
0.6683656362112969
0.713465050286487
0.7181484380814891
0.6933008771288208
0.700639698180212
0.8271345473043364
0.863457164495601
0.802665997076224
0.8021222328562293
0.6893300511842746
0.7259271611490332
0.6925246750857657
0.7972545743407954
0.7056070175547122
0.727588413750185
0.6830554326916468
0.6801527870687214
0.6858642209435668
0.977429626764856
0.71452774146974
0.7314723042508504
0.8271345473043366
0.723864760152548
0.7933694014445128
0.7981978574554685
0.7805007730846001
0.808209120799425
0.7949477900791667
0.6928550429519391
0.8754779323021427
0.8093120172164799
0.7163062584931263
0.6928097042177336
0.6874240567307696
0.7259035660426901
0.7792604034951958
0.8633573916031694
0.8013883992700163
0.69013229024579
0.6981574253668852
0.8592376909212023
0.7231631436416447
0.9025742047486407
0.7409924556771703
0.7118457929766627
0.7250873133210347
0.703130826607918
0.7015881398017816
0.699168789870305
0.7026668381139725
0.708057919887464
0.7045343745588619
0.6936261449979569
0.8670327241912162
0.7232648074322787
0.8023489457883439
0.8428416340636551
0.7918164367350695
0.8271345473043363
0.7255523308980492
0.7352751806652739
0.7009128560434003
0.7842871414339029
0.8961949820145791
0.6910748856703904
0.7158654131693379
0.7644169839293857
0.6947718506227428
0.7406031339616482
0.678615575785781
0.869473955817071
0.7121347566942359
0.7143179266514669
0.7708290376572218
0.745015210980841
0.7806750357540716
0.6938805526786058
0.88068179924451
0.8366879557038572
0.7027604323981524
0.6997472999684735
0.7550908850553577
0.699267096679775
0.761855092182754
0.7406031339616483
0.6922212816144785
0.8336898867315709
0.7491438489045361
0.8639303409120929
0.6736774658393905
0.7874223652936914
0.7300209326374235
0.6845955665921337
0.8404431649304691
0.9229548193762689
0.6802931591969611
0.8958866107451338
0.6979185240134678
0.7800925533791397
0.7121347566942359
0.7069894449579303
0.6943013624187763
0.699168789870305
0.7235587627341781
0.7943834844882003
0.8387219333816878
0.701424682507196
0.808640668245225
0.6982025282487232
0.7430479113794596
0.7025469495337437
0.8653031338040512
0.6960570798831667
0.7185922672529949
0.7729656231839848
0.8691227206724297
0.7049479090654069
0.6895499928183859
0.6877694287940092
0.694613454948232
0.707467863507708
0.7895160627151085
0.7992373141859966
0.6954171246558997
0.7094119848558135
0.6994746501875686
0.7071647695727499
0.7483025860467798
0.7452218448304524
0.8045209091380638
0.711284470254717
0.8033879761331296
0.7123484184780261
0.6955215804258382
0.745015210980841
0.6851207326824714
0.7699792153113567
0.7090454588280013
0.6855043506465672
0.806678962404229
0.7085239418465744
0.7750706300564695
0.727588413750185
0.7377008555310787
0.7995417716809738
0.7676342673729587
0.7667093369752547
0.6878868272795112
0.7708290376572218
0.7320790869902287
0.733793682408179
0.7214625546844675
0.7051107680240696
0.7073385804277256
0.6996947463813002
0.8837731561770001
0.727925769666695
0.7011215322164461
0.7006191841659866
0.6947788951679088
0.7178093309310127
0.6814675837853739
0.870671771411265
0.6801102606124207
0.8455979593386016
0.6940118460153852
0.697819042766733
0.8328540206402039
0.8066789624042292
0.7147253852987846
0.7149977467092734
0.6982252558782697
0.7247539947858128
0.7053906877136258
0.7288475385066957
0.8859975282828921
0.6894882274646773
0.8336898867315709
0.7205773850866091
0.6857997936869421
0.7297301100680781
0.6780774829616557
0.7121347566942359
0.7327223669923387
0.8634571644956012
0.6930368504316896
0.7056617857243698
0.6927728189747011
0.8009910274354706
0.8013059390211793
0.7291785727078552
0.7199623699169864
0.6893845525987091
0.7882684897967661
0.7766969503987058
0.7959596170069121
0.6910329917657942
0.8765559666585349
0.7542736350063357
0.794116994986378
0.6905065817544529
0.8639303409120925
0.7244648608347259
0.7281212073854321
0.8051538450985495
0.6972681998154434
0.7396421875977908
0.8334636672113985
0.6782330990872599
0.6752124554932117
0.7305917768392721
0.7550908850553576
0.7900011704841223
1.0058122528497593
0.7171691916710887
0.7071405410431739
0.7697033614574977
0.7271899356562029
0.7900011704841219
0.7355628556036642
0.6955716476829811
0.7724774768243071
0.7022671825522923
0.8430825611123878
1.1570348877586922
0.6952524653401932
0.6965996058352328
0.7933694014445127
0.6972681998154433
0.8045209091380638
0.7912108673810456
0.6894882274646773
0.728121207385432
0.8683918231184051
0.7037599056127402
0.7179381047425463
0.690506581754453
0.8656916110516137
0.7008955058553699
0.720490121122855
0.9229548193762694
0.6890058518320342
0.713672071043613
0.8560040309986898
0.7188875246919885
0.70797065592371
0.6994746501875685
0.7152849504931467
0.7158654131693378
0.7122062390947178
0.6920506112719835
0.8652436433438664
0.812760368927192
0.8414558635631294
0.6874240567307696
0.7705332707113206
0.695478426112368
0.7015881398017817
0.7210739390773322
0.7081126953738349
0.7375245614446599
0.8425257025131393
0.8428416340636552
0.7892497007625456
0.7352595922345319
0.7642234905976095
0.8959851417063431
0.7223396114542873
0.7601006693096041
0.8820947476594867
0.7123484184780261
0.7729565507980731
0.7598709418992785
0.702374854917529
0.8639303409120925
0.8581966111521269
0.6855143838737605
0.6876969308000042
0.8633573916031695
0.7311546277592342
0.6975847925009474
0.7314723042508503
0.7068801330801195
0.7225589301886424
0.6819606359506785
0.8081947756431493
0.7008955058553699
0.7006231326979561
0.7085239418465744
0.6908835206965367
0.7259271611490332
0.8225524356255254
0.7223875832297957
0.6915781251445128
0.844939940121823
0.8143568005223604
0.8086406682452247
0.7186232913061082
0.8205010125536187
0.8837556777732661
1.0602870602383456
0.9043915854631956
0.6979197615041642
0.7118457929766627
0.7901237213386408
0.7874077550603936
0.6921528235074026
0.8023489457883439
0.7422495752672236
0.6981574253668852
0.9043474159964959
0.7798965740044587
0.678852798188906
0.7020911470735443
0.6814675837853739
0.7892497007625457
0.8066789624042291
0.7167626771611855
0.9391455652658204
0.6915781251445129
0.7826491304542857
0.7243818921697815
0.673437320818719
0.8143568005223606
0.7107514236426594
0.7022894034967955
0.7433991465241002
0.7145430849720334
0.7847947364360387
0.745564153575469
0.7023375375394842
0.7313158838686793
0.697798765728752
0.6819960049562593
0.7179381047425465
0.8739646290571146
0.7643189144997657
0.7263402569812154
0.832854020640204
0.8669216861196289
0.8739646290571144
0.8683918231184052
0.6857442099030148
0.7010122203386353
0.7624618739296101
0.7050965379852958
0.6995869166913796
0.7856760518796727
0.7255523308980493
0.7122062390947179
0.8023880717198446
0.8487095468051395
0.7094201503229031
0.867576865177568
0.8021222328562295
0.8271345473043366
0.6909432296427266
0.7882684897967661
0.6736774658393906
0.6832868138279706
0.8611277683326766
0.7514930495403791
0.7121558905147417
0.6838933090781903
0.7368683236938944
0.6972620212071916
0.8268075976978901
0.8691227206724298
0.9043474159964962
0.8743158642017557
0.7045700764711288
0.6940828275667561
0.9635392327179996
0.7109515109559038
0.7271899356562026
0.8450352066094591
0.6982025282487231
0.7637873984244327
0.727925769666695
0.7138432610460304
0.7291064118675387
0.7858414920993495
0.8036666280686315
0.7003161688915812
0.7170337581817459
0.8671981644108934
0.7961733649555103
0.7992373141859966
0.6857893357492136
1.108346344442511
0.7084458590192605
0.6784501355661042
0.8051538450985497
0.7144567681616941
0.8859975282828925
0.6924405555873003
0.6835772301180372
0.7106652779178178
0.7637873984244327
0.7574170906237293
0.7271961831867121
0.7093850835542719
0.7433991465241007
0.900100694778811
0.8110121646683128
0.7235587627341781
0.7014047452898273
0.6895499928183859
0.8531700123216028
0.6724333480871992
0.689005851832034
0.6889845625090391
0.7295485939183013
0.7166260873883291
0.8581966111521269
0.8033879761331297
0.8581966111521269
0.7065161642722292
0.6925754294637929
0.7006231326979562
0.7892497007625456
0.6883760406562247
0.8581966111521269
0.9043915854631958
0.7452908031582163
0.7847947364360386
0.8138531520450638
0.6788527981889061
0.7209897028621254
0.806678962404229
0.7840388693345275
0.8611648114497323
0.8680405879737645
0.8276199402708996
0.8279467858227124
0.693396292800161
0.7353632671004996
0.697651040965284
0.6883954455345741
0.7385312446528923
0.6848641484367695
0.8450352066094593
0.8455979593386015
0.8656916110516137
0.7022894034967956
0.8430070742833322
0.7314723042508503
0.6911133571063537
0.7190949384360077
0.8959851417063434
0.7201914047525749
0.7455641535754689
0.7833223458952829
0.6847013033785178
0.7877736004383321
0.686686773877064
0.7043765348885328
0.726007240908658
0.6820497372251094
0.8905547809198398
0.699370771545743
0.6758484136285223
0.707805215704033
0.7130888106561001
0.7411586566098449
0.7252344773457166
0.7996790007533796
0.7874223652936914
0.7026668381139725
0.725552330898049
0.7692383232575798
0.7071647695727499
0.6914864653573516
0.6808331126043774
0.9043671293403982
0.7705332707113206
0.7837348491993072
0.7660618284398302
0.6993085922218142
0.7915245570692844
0.7170337581817459
0.8430825611123878
0.7428627007729823
0.6908610203566359
0.7018325221025647
0.6863283727414129
0.731429440375655
0.6940562471164612
0.7028111082353853
0.7332882249026015
0.6755539617136898
0.7069550345155021
0.7016578773376297
0.7163062584931263
0.7883246181386321
0.6752387670573275
0.6915781251445129
0.7084858036248329
0.6886249642730576
0.9968205942475352
0.7874077550603936
0.7404784685298376
0.7275792573717248
0.7212136310676344
0.6873627429573925
0.8086406682452247
0.6938514821567207
0.7828733132596006
0.8327260588095945
0.7782808763733149
0.7883246181386321
0.7483025860467797
0.977429626764856
0.7190949384360077
0.8975645922863457
0.7290079023653606
0.7918164367350694
0.8671156580119903
0.7833223458952826
0.7806132749288177
0.7112107805081327
0.6934917342523267
0.8967888635900744
0.7010366024415591
0.7918164367350695
0.693831800873162
0.7114293487877525
0.7027604323981524
0.7357293531257686
0.6814675837853738
0.7032985392799939
0.6772443884808983
0.7281212073854321
0.86711565801199
0.6819940107715711
0.8592137404688008
0.7199175823045325
0.7090737056259233
0.8124495491688289
0.8611648114497323
0.6815335247020209
0.8110121646683128
0.8711627375299907
0.8366879557038573
0.8656916110516137
0.6830554326916469
0.8381095165878151
0.8718184575768161
0.7039713454769063
0.8009910274354705
0.728121207385432
0.9006629849683329
0.6758530761064431
0.7233531543797547
0.6933838109495946
0.6947718506227428
0.7212318909878075
0.7377008555310788
0.6823574558949991
0.6946063452190512
0.7833223458952829
0.72926004181072
0.6947500149168943
0.701966674859018
0.6978095304284595
0.6912956879357446
0.673734334370126
0.7160128967220568
0.8219656893132057
0.8694739558170707
0.7168332302466435
0.708216370239803
0.9001006947788114
0.8813683012869137
0.7302303973593933
0.8013059390211791
0.7056617857243697
0.7683616196507222
0.6801102606124207
1.108346344442511
0.6849051360059354
0.7010122203386353
0.7220070104175667
0.7165567048886108
0.70797065592371
0.6954171246558996
0.685504350646567
0.7667093369752548
0.7807052699323266
0.73975505373361
0.8925699573312158
0.7766969503987059
0.6767745282561615
0.7204167574942744
0.6935193026967869
0.7257854950460164
0.7141184889318039
0.719439062052211
0.7217628650544418
0.7109043242287238
0.7026668381139725
0.8008157028206508
0.7148943201166744
0.677104586129389
0.8253543271526492
0.8430070742833322
0.6794150899959526
0.8518123155501565
0.6974037256473181
0.8628752449290111
0.6914673875548955
0.7026668381139725
0.7508903345315499
0.8317751850980272
0.7144990276992016
0.8611648114497322
0.680442033934382
0.686686773877064
0.6911588271392802
0.8765559666585352
0.6788454018150352
0.6744897043577665
0.7203313601428525
0.7447625067974097
0.6981574253668852
0.680442033934382
0.7513515698397074
0.8566424481449633
0.6916206374285019
0.691612122644499
0.8143568005223604
0.8806817992445095
0.9301540318636521
0.7624073927282412
0.7022894034967955
0.6878951072322154
0.698302301141155
0.7022094146978525
0.6993707715457431
0.7985968680547135
0.7143776447523567
0.7122062390947179
0.7204840822960027
0.6869587938064577
0.7194390620522111
0.7308302783518972
0.7352595922345317
0.6724333480871992
0.6936261449979568
0.977429626764856
0.849237952934615
0.7702848966708699
0.8592376909212025
0.6886249642730576
0.6991472932741422
0.8611648114497319
0.7255523308980492
0.8743104822482654
0.8135104926346157
0.7022094146978524
0.7160404694584679
0.6814675837853738
0.6758484136285223
0.7762822765979026
0.6849051360059354
0.6972207685776629
0.8160416482298554
0.8675955012191637
0.8592033652827639
0.7268936302547032
0.8618773484455523
0.7494950840491769
0.7025469495337437
0.7994027544056737
0.785462719138996
0.8276199402708999
0.8536671570485804
0.8124495491688289
0.7882684897967661
0.7972545743407957
0.6875877809923976
0.7915245570692842
0.7811849094328347
0.7933694014445127
0.7935640025037402
0.8219656893132058
0.8388873736013646
0.6955757517709554
0.7202507756781885
0.7202868801885839
0.739883163711206
0.6938743801639182
0.8327260588095944
0.7143179266514669
0.7112107805081328
0.8671981644108931
0.7029443380790666
0.6689481185862286
0.7252344773457167
0.7895160627151085
0.8813683012869137
0.7024220018231221
0.6984162591650411
0.7996790007533796
0.8455979593386016
0.8765559666585352
0.8313188301284238
0.9001006947788112
0.7022671825522923
0.6967110035068915
0.7223933057383605
0.7257854950460164
0.7167380513400993
0.8570451107677652
0.682900754533494
0.7332882249026015
0.8013883992700163
0.8592033652827635
0.7139261973478104
0.8110121646683127
0.7388945940559257
0.7788114717117576
0.6933008771288208
0.7058224758588316
0.7208885564514043
0.7208262495012867
0.6851537387498149
0.8078197990839029
0.7898380744890868
0.8581699823059288
0.8724646960030221
0.701937302962549
0.7406588054898957
0.863457164495601
0.790123721338641
0.7058224758588316
0.6848514164619617
0.6921264654585246
0.7256560057640171
0.7750706300564696
0.7031759887080544
0.7542736350063359
0.8592376909212023
0.683704802614035
0.7643189144997657
0.7994027544056738
0.7203313601428525
0.8070682841197514
0.7833246678631313
0.7355628556036643
0.7259271611490332
0.7667093369752548
0.8080276806152982
0.681524736328616
0.7912108673810455
0.7428627007729824
0.6944474801471915
0.7160168743521249
0.6913638722051481
0.7171691916710888
0.7058224758588316
0.7252207848970982
0.6763000227745611
0.8560040309986898
0.6993707715457432
0.7144567681616942
0.6881914185555316
0.9968205942475352
0.6973523803138184
0.8721071342360354
0.7291639663684286
0.7357293531257686
0.782805855082255
0.6887532362727111
0.6937707052979499
0.8980537665415252
0.7158654131693379
0.7121347566942359
0.772477476824307
0.6978879919818554
0.7180417796085143
1.0987305996649614
0.8562329291938195
0.6820474417068709
0.6948162776953407
0.7232095995734109
0.6896336118181507
0.7644169839293857
0.6752124554932117
0.6974037256473181
0.8721071342360354
0.8023489457883438
0.859614187034033
0.7930202382837455
0.7147253852987846
0.7080952169701008
0.6791580407600921
0.8213070191168694
0.7836721661622477
0.7766969503987058
1.2050941719628576
0.7603802170681925
0.6933008771288208
0.8388873736013649
0.6910329917657942
0.709744622975798
0.7952052421866461
0.9025742047486407
0.8080276806152982
0.8754779323021425
0.7029149984046122
0.6801527870687214
0.7212319866439679
0.7018581795532115
0.711284470254717
0.7388945940559257
0.7250365896845471
0.8173888658525056
0.9678138819873067
0.876555966658535
0.7113098734101261
0.9030755547799348
0.8138531520450639
0.7071554267740162
0.8368971643096511
0.8757492407925852
0.8581966111521271
0.7164971156166321
0.7006227798543536
0.7941169949863778
0.8124495491688289
0.9012687366584106
0.8837731561769999
0.7513515698397074
0.7015093910423039
0.6724333480871992
0.7674049140687845
0.6885020857252482
0.872464696003022
0.7398810886055343
0.703349102262236
0.7078052157040329
0.691620637428502
0.8300608650811087
0.6972207685776629
0.7065161642722291
0.800815702820651
0.8711627375299904
0.9012687366584105
0.7830057720479967
0.7915245570692846
0.7933694014445127
0.685896793965896
0.7084319056785983
0.7225686044960681
0.7667093369752547
0.6793969391752578
0.7271899356562026
0.6922367155183978
0.8009910274354703
0.729391723436825
0.7027994991371326
0.7542736350063357
0.8195362170149988
0.721231986643968
0.717016324935164
0.6866244498935549
0.7970588562260673
0.8430825611123877
0.6801527870687213
0.9007177189581104
0.7205075475921685
0.7918164367350695
0.7023136091534447
0.7130888106561001
0.7918164367350694
0.8051538450985494
1.060287060238346
0.7410750599509702
0.7947823498594898
0.8013883992700164
0.7013188766078062
0.7634051210091909
0.7305917768392721
0.6899365464344941
0.9678138819873064
0.7134650502864869
0.9678138819873064
0.6789690272550128
0.8045209091380641
0.715363614786775
0.7068863116883711
0.675581957043735
0.6918306747479017
0.8273357142772036
0.73975505373361
0.7093068781685566
0.7298676579323711
0.8086406682452247
0.7003161688915811
0.7317950738905172
0.729867657932371
0.8570451107677654
0.8806817992445098
0.6923334951321533
0.7022650131756002
0.7314723042508503
0.7792604034951958
0.7393919591040808
0.7087221256452861
0.6693835610533989
0.6967110035068916
0.767182513391746
0.7195744461356279
0.7633227144832894
0.7016060702898913
0.7724774768243069
0.6962994746554776
0.8414558635631295
0.6893845525987092
0.6954241231120781
0.7841726246289537
0.7494950840491771
0.7030119671107582
0.7203313601428526
0.7368454707230541
0.6789690272550128
0.7126187423987421
0.7292821423603306
0.692855042951939
0.7153078499044572
0.6951550937406062
0.678549634869134
0.8820947476594866
0.6876969308000043
0.6933084732815767
0.7058224758588316
0.8558790832880678
0.7160128967220568
0.7934557182548525
0.6951146722038215
0.8765559666585352
0.6974037256473181
0.7083112551324916
0.7225589301886424
0.7006191841659866
0.7275884137501849
0.7828058550822549
0.7221769620175895
0.7660618284398302
0.7857321525240258
1.1570348877586925
0.6893845525987092
0.7015881398017817
0.7483025860467798
0.8851817575367894
0.7267982063525465
0.7859655492207105
0.7729656231839848
1.1083463444425108
0.7022671825522923
0.7455641535754691
0.7291973587736603
0.871056697994196
0.8851817575367897
0.8604263618182618
0.7877736004383321
0.838721933381688
0.6684388434173147
0.9571237095335776
0.8611648114497322
0.7152006216304696
0.7920939221121721
0.788330796746884
0.838721933381688
0.7126513691176672
0.8082091207994249
0.6876087043002455
0.863457164495601
0.6839029862001651
0.677104586129389
0.7177056560650446
0.8276199402708999
0.6922212816144786
0.6815335247020209
0.7274439356304608
0.9043474159964958
0.7231631436416447
0.6969058097933575
0.6774663371031173
0.8670327241912164
0.6759520884944904
0.67823309908726
0.7045136724594196
0.8036666280686315
0.6905390947997271
0.7051107680240696
0.7256560057640173
0.6992272996637607
0.7212136310676345
0.838721933381688
0.7806132749288178
0.7141184889318039
0.6684388434173147
0.6950108610398095
0.8253543271526491
0.7012283314231766
0.7834052797160567
0.8276199402708999
0.7933694014445127
0.6911730463208008
0.6973523803138184
0.7870253286566534
0.7900011704841223
0.8565727234416721
0.7147253852987846
0.8958866107451335
0.7371238702961093
0.6960570798831667
0.676619545974213
0.7702848966708699
0.704947909065407
0.7828058550822549
0.6955215804258381
0.7043789614614417
0.7259271611490332
0.8754779323021425
0.7192800795217223
0.7368454707230543
0.716311069085241
0.6848169894224874
0.7594941740593845
0.7644169839293858
0.8851817575367894
0.7319585272513562
0.7828058550822549
0.8743158642017553
0.7850393566455386
0.691188376457784
0.7143006844621503
0.8604263618182613
0.8565727234416725
0.8567030504576231
0.8539219618828198
0.6954001827553316
0.7141184889318039
0.6865353016596096
0.7188729183525617
0.7513515698397073
0.7024548437164723
0.7667093369752548
0.685653225383988
0.7134650502864868
0.8328540206402039
0.8566278418055366
0.6738145743469511
0.8720260195231563
0.7877736004383321
0.6972620212071916
0.8958866107451336
0.7029149984046122
0.7750706300564697
0.9968205942475352
0.678852798188906
0.7109043242287238
0.8057139661523619
0.8307683844311655
0.8851817575367895
0.7933694014445127
0.8249808856219546
0.8273357142772036
0.703130826607918
0.8009910274354705
0.8013883992700164
0.7022094146978524
0.6904169412130954
0.8743158642017554
0.8368971643096517
0.8736102181387292
0.695775358256719
0.7008955058553699
0.7500158238824974
0.7429497302168574
0.6905065817544529
0.7182072223859465
0.922954819376269
0.8219656893132057
0.7967243826558101
0.6963906072110109
0.719223210990987
0.7748578866042974
0.861247745270506
0.7079706559237099
0.6960390906103285
0.7375245614446598
0.7295485939183013
0.7805007730846001
0.7032459689926771
0.7212136310676345
0.7836538997563649
0.6766195459742131
0.6948162776953407
0.9043671293403976
0.6751142432879853
0.8743104822482655
0.6954001827553317
0.8531700123216029
0.7149347416534592
0.8604263618182618
0.7895160627151087
0.7027994991371326
0.7530735816038886
0.8045737836977636
0.6886249642730576
0.7970588562260675
0.6906508882726725
0.6959902668117274
0.7603802170681925
0.6906036107020145
0.6719345569484426
0.7918164367350695
0.7985968680547137
0.7811849094328346
0.7145599450791078
0.733793682408179
0.6925913028249244
0.6787490070432182
0.7121347566942359
0.8581966111521269
0.8307683844311655
1.1570348877586925
0.7643189144997657
0.7143776447523567
0.7618550921827543
0.7933694014445128
0.6855384648614389
0.8581966111521269
0.7702848966708697
0.7204901211228552
0.8675955012191638
0.6847561099888374
0.7603802170681925
0.6874240567307696
0.6869587938064577
0.7011814358610375
0.7603802170681925
0.8859975282828922
0.6955757517709555
0.7223933057383605
0.6741599315151504
0.8694739558170707
0.6876969308000042
0.8618773484455523
0.677104586129389
0.7259035660426898
0.699275107071554
0.717597116350059
0.7948043767351737
0.7003137504496022
0.7247539947858128
0.8225524356255256
0.6888520199393448
0.7165567048886108
0.8271345473043363
0.8033879761331297
0.7167380513400995
0.9039778076248758
0.7429497302168573
0.7100868906230482
0.687900378558404
0.8271345473043367
0.7120937372505006
0.8633573916031694
0.6921941972991948
0.6793621020909386
0.7107065690302504
0.7282866476051089
0.7140677652953163
0.8560040309986899
0.6704519666546921
0.8934722101761567
0.7144567681616942
0.6881914185555316
0.7943834844882003
0.673734334370126
0.7112482636030031
0.7721881899305609
0.6911730463208009
0.7222351101685912
0.701973888692374
0.6866244498935549
0.8455979593386016
0.8217520275294156
0.7143776447523569
0.6994262250934907
0.8570451107677652
0.6947788951679088
0.6751774656008591
0.74476250679741
0.6923804398085234
0.706322763150147
0.6746030474926277
0.8793969579746321
0.7081805206186255
0.7252577032339166
0.6940828275667561
0.7145599450791078
0.6734498026692852
0.7333621301275913
0.7992373141859968
0.8517293817293826
0.6913722633880512
0.8806817992445095
0.7806132749288177
0.7574170906237293
0.7282866476051089
0.7298676579323711
0.6780774829616556
0.8536671570485803
0.8531700123216028
0.7411984279497452
0.874784445253965
0.7108946312219919
0.6804932741070424
0.7143179266514667
0.8671981644108933
0.6997501844400648
0.733959664224265
0.7056070175547123
0.957123709533578
0.7212319866439678
0.6895763740481252
0.7292868665174761
0.7011215322164461
0.7996790007533796
0.7221769620175894
0.7071005775977863
0.6923804398085234
0.7870253286566534
0.7724774768243069
0.790552188184422
0.6826759490168559
0.6791231947398271
0.7024220018231221
0.7022094146978524
0.7949477900791667
0.7034879437724633
0.6819976174720457
0.6853978799748716
0.6774663371031173
0.7169094965280507
0.7129134860412806
0.7494950840491769
0.7941169949863778
0.6872182794418743
0.711790425019611
0.675177465600859
0.6923804398085234
0.6851343519821729
0.6793969391752579
0.8045209091380638
0.7870253286566538
0.8765559666585349
0.7024069849038017
0.7185922672529949
0.6883760406562247
0.6928550429519391
0.7011893986145836
0.7859655492207104
0.7006191841659866
0.7177056560650447
0.7199175823045325
0.7144567681616942
0.8279467858227125
0.7030119671107582
0.71452774146974
0.6745365106929989
0.6905695783578579
0.7333621301275912
0.7317950738905175
0.7090244938976664
0.9030755547799347
0.6925293145459441
0.7855529501969648
0.8070682841197512
0.8381095165878152
