1.0321291883833685
1.0367653437088917
1.0220223335479663
1.0596684401554914
1.0272370033675626
1.0433508737136545
1.0260986512667327
1.0238352870282332
1.0912498947688252
1.0712620078767243
1.0284350632994794
1.0454119579017271
1.0516592873465724
1.0562216772751318
1.0329707019697918
1.0395441170209985
1.0181997123201956
1.0219298322822479
1.082343301533851
1.059897731983704
1.0807452850248211
1.0188849819110923
1.0353225838818525
1.0696305365705425
1.039801721424071
1.0793544045993713
1.0420823985135208
1.0365020056055188
1.0429686408333583
1.0239775695544981
1.0164401064825812
1.0286597698150055
1.0318643874691655
1.0356008724882015
1.0470884686173934
1.0226043650891794
1.0162431790651396
1.0895754935990278
1.0862410845227495
1.0751259526687456
1.049007387972819
1.04374390771765
1.0436551202162812
1.0708409727030754
1.0600538940800432
1.051358382495693
1.0182043149868354
1.0276702500503436
1.046861612284721
1.0198761430650367
1.0628095185616533
1.0384010072656742
1.0300126222306578
1.0351405145968169
1.053945069651576
1.071265127350389
1.0508058606494164
1.0608484121343689
1.0338160781740537
1.0371714795055627
1.0212473854501125
1.0231122718783137
1.0464960076658345
1.0731750645941631
1.0476265185217903
1.0566354606015684
1.0495146338836514
1.0254802316317673
1.0160685908931268
1.0386722741085805
1.0465229528086653
1.0379605739274822
1.0901770239048465
1.0346541701161591
1.0685554207475776
1.0503924947921244
1.0497503858615844
1.0216821894889072
1.0616958890783237
1.0413134089315337
1.0576841395004026
1.0279950414317327
1.0493282427271986
1.0728441941114732
1.018522248668214
1.0316166023868585
1.0971571905208326
1.0578452882694158
1.0481725150319063
1.0517332694215782
1.1171990150645685
1.0125576037055612
1.048270476005726
1.0544278836443772
1.0415823765209393
1.029787309370397
1.05568984437407
1.0896620083072164
1.0735867763429159
1.0236109452092086
1.0211988060063608
1.0648919840374624
1.0355998940466697
1.0236892559639412
1.0187320529215327
1.062806690726467
1.0216654530639313
1.0170593463330593
1.0205600332768494
1.0752723269473856
1.0318688122242596
1.0149862465105435
1.0269075692423468
1.0465797535782777
1.0359466154405015
1.0363838174961277
1.0537734241278056
1.0307228310620624
1.0775860346120274
1.0605107465346524
1.0430217643411965
1.0606037311152823
1.0098337306708587
1.0366730267621753
1.0878431587580495
1.092683261130968
1.0369497168536617
1.0530244384597738
1.0254549929186496
1.064239686080322
1.0516133218871744
1.0653520047968685
1.0260440102882407
1.041298996998613
1.0566383372190469
1.0482419760929682
1.0389146950457915
1.0697072341587863
1.005426547576252
1.0596678440656613
1.0554558422664757
1.0230494015726277
1.0671116759965023
1.0380000782578718
1.0791600393621528
1.0402843437212692
1.0411730213281447
1.0772980867037356
1.0716380958202523
1.0276690092659375
1.057804748966554
1.0137067201983059
1.0229236581744499
1.0578969267598983
1.0417124870975167
1.0353551829931726
1.1062197744946587
1.0394482509744032
1.0411668470637037
1.044716664099293
1.0663346019405702
1.065905753073396
1.0332333345296572
1.0287763460413617
1.0730032873196356
1.0574472017130339
1.0670470286910345
1.0623142872287767
1.0193049628628723
1.0434519392246817
1.0599430676713937
1.05820963507901
1.0474353809541874
1.062083238780057
1.058069492156102
1.039550333534231
1.0322461910982175
1.1215233724990004
1.0384036451788354
1.045835024870426
1.0182706634904328
1.038050870967171
1.0281617674594947
1.06062594307467
1.0404611505466232
1.0490662600690694
1.0433849286836905
1.0284375435112743
1.0918564110192297
1.0583566711631562
1.0368925268118832
1.0347411395072168
1.0970873445564644
1.0296107992155685
1.0620141593441026
1.0727142814985782
1.0437605245916983
1.0218135291997428
1.0573876635951875
1.044274408866741
