1.0122592747052186
1.019012076337285
1.0081881325406847
0.9857624152110391
0.9994254313811531
1.0108165069420396
0.9909230349538518
1.0841042097782074
0.9986432852835725
1.0570619207958067
0.9775104941715257
1.0082237606066609
0.9865608787200112
1.003741953041756
1.0139631225067829
1.0273956890733584
0.9590533523100447
0.9904493037805591
0.9798364792461209
0.992247451593209
1.0403678621877968
1.0371103911305606
1.0430857962363362
1.0024042671563687
0.9969294210967582
1.0293721429252471
0.9715565491254198
1.0195234762121548
0.9981203960351912
1.059251940372052
1.040187427259791
0.9900944559870042
1.0175944997373898
1.0687810365153885
1.0377171195125845
0.9881106218119219
1.0237512243430502
1.0246766135133585
1.0027643421803654
1.0755232609262513
0.9859379733746791
0.9827165480750254
0.980689330404289
1.009896018386569
1.0339431776097325
1.0105390070551923
1.0091277228390747
1.0024791680146077
0.9789261089563731
0.9907108167397005
0.998398346402849
0.9836815056806629
0.9849433409103983
1.0280829013983823
0.9847507232119035
1.0395680498386424
1.0169072846665852
0.9908156116321862
0.9743543046467043
0.9877031573129897
0.9674446109437653
1.0017289196727488
1.0340368892718559
1.0399855807068876
1.0382192937511894
0.9528455117143989
1.014713273694254
0.9690316945956547
0.9877817340907491
1.0144976913594912
1.0180998557509757
0.968682238936262
1.0051355036647243
0.9867151881082036
1.03573618438612
1.0481846526924299
0.95810563736152
1.0487547904887926
1.0066944478000581
0.9775907353221109
1.0054120744755446
1.0119292073809445
0.9816186086500501
1.0478993165637933
0.9966775530154339
0.9690174241946831
1.0127084149557724
1.0294471828480773
1.0258940130726737
1.0180908854923751
0.9994763413677549
0.9618331762880273
1.0050558002308054
0.9800391443974613
0.9954707578095535
1.0010232033206783
0.9921512528783469
0.9588592288709427
1.0250907170824077
0.9956590844056068
0.9778566575711832
0.9774919719544849
0.9801280134141992
1.0036205834445104
0.9856191558204709
0.9979638286817176
1.1227606488471256
1.0782977350597815
1.031945613991291
0.9740822193970429
0.9922513611349337
0.9852070581765938
1.0913280209207354
0.9970571362905937
1.0348490237853654
0.9855461454221733
1.0109166502721612
0.9994935322972865
0.9988652722681816
1.0669374018293054
0.9877894158513331
1.0051658101371481
0.9686776401284454
0.9744539713591113
1.0420417790196574
0.994563095322047
0.9794027184425264
0.9745605659347816
0.9990355982810243
1.0247756989988765
1.0173441896710922
1.0192521415783946
0.9934288373847727
0.9955843886466217
0.9629571247053788
0.9930470883162441
1.0057379176795866
0.9717097673145212
1.0042165134030459
0.961161501861808
0.9972627163831609
0.991192852525424
1.0353395716916862
1.0154983319033521
0.9825928007341047
1.0031743999681935
0.9911349094992699
0.9667214779150751
0.9851358859181387
1.0061432130385075
0.9878698585213213
0.9624786437585167
0.9821621086265508
0.9767659083673513
0.9943524667136163
0.9678118633536995
1.0263356520037976
0.9806191365015379
1.004637050304128
0.9980694605412684
1.0076940927339324
1.0080531066922065
1.0094313390735918
1.0146706094927407
1.0226060763147942
0.99602172237093
1.005792268629762
0.9878460796549726
0.9804201950493491
1.034159321600714
1.0227917434463945
1.014438570703539
1.012081773930778
1.0377991450865731
1.0776354464658433
1.0057072872894917
0.9962256979364965
0.9707646207673842
0.9876676976872645
0.9630164661693105
1.017716161697786
1.009052660918491
1.0702309037999265
0.992262655967368
1.0409419387574932
0.969855724031015
0.9889358354789586
0.9966232642014136
0.998090130559126
1.0234903860355162
1.0207725806806511
0.986414884805892
1.0134566827036515
0.9967074743476406
0.9996006237674979
0.9968080749635475
0.9888532695369094
1.0437886188422318
0.9897867935540671
1.0028995850446925
