0.7784466728849254
0.8074609299851165
1.026878081843717
0.9031333888176644
0.8424427104279042
0.9709147623266327
0.9077433207879594
0.8116935828280929
0.889992158351218
0.7841756092551049
0.781470074677911
0.8344468489301998
0.8408216966068305
0.9685950152633377
0.7866304474911838
0.8551147623641162
0.8629192532145936
0.9653943572881855
0.7698372173825633
0.8025719505917484
0.8819605567717435
0.8953525622011209
0.8756262808069221
0.8493491825849677
0.9319860048981625
0.7832188334529455
0.7950110555346893
0.7836883339338777
0.850510963492475
0.8387950512358588
0.8644416465020345
0.7946048301235702
0.7966251347032968
0.899306726647251
0.892810048497803
0.7878043554254913
0.881848032607715
0.846510347564651
0.8048538899228582
0.7909540298820271
0.8759281085692282
0.9268163289186898
0.8005156072753655
0.8761069401876072
0.826448775671263
0.832442237929283
0.9010813651230233
0.9702494985674945
0.8508999989449306
0.8439156739736048
0.8428365406934719
0.7818215208876629
0.7975764573953839
0.7715906062317641
0.8180125357335434
0.7872890759254491
0.7693912778148139
0.8044564652765552
0.7835532738744069
0.8168759854151393
0.7882938761647726
0.7909929955700203
0.8192411885705334
0.815276299918596
0.9007221400218359
1.0253120195470509
0.7969907876946586
0.8135981434980755
0.7692012631026759
0.8448396947083672
0.8455905722251075
0.9714665501956097
0.9794500764222075
0.8673495754017312
0.9376350242806358
0.8740450216656974
0.8342132797093182
0.8362090945951737
0.8350434352296399
0.8001620729612502
0.7997373683320388
0.8505475084135612
0.7738751478225866
0.8755958732948903
0.9108765066266238
0.8244471071678299
0.802398373316548
0.8175120270528089
0.9286676334969794
0.7940495366400165
0.8043230150015626
0.7724186502412785
0.7871613957040028
0.787041448142348
0.8780265945707213
0.8446683827478291
0.7698727661974298
0.8887494880637897
0.8217909947416223
0.8853536219808078
0.8978906536037018
0.8024337796820625
0.7902527511195128
0.887896598261827
0.8045876767981177
0.8465373919771948
0.7911373564302081
0.940443920967394
0.7936713698051587
0.7875559533686868
0.815888229627953
0.8166926708902298
0.8705165172230974
0.8056529543559849
0.8637882141838914
0.8732267312559694
0.8716311418813585
0.8148883906430244
0.8331943548451137
0.9573883076133505
0.8208408153865109
0.7923538097216901
0.8941336176559916
0.9063880730428091
0.8035959394962771
0.890152700999245
0.8413357725700107
0.8020302688638766
0.7880534008376312
0.9337962086364849
0.8244721944878743
0.9042641832263829
0.926847546900291
0.8001774657432862
0.8510751475777006
0.7924354535826735
0.7672919961093869
0.8150066001184464
0.7969044903410597
0.84976077061259
0.8435873314265063
0.9676140614095479
0.8078193594786703
0.855223488381785
0.8647021108767355
0.8909188076523714
0.966989443937985
0.7817691226808269
0.8244083580477563
0.8319089550922558
0.851456678392893
0.8785875191781272
0.8878980433550668
0.8559673616341759
1.0794868386660221
0.8940657204093334
0.7719277150313203
0.8270636524688176
0.8495354038784292
0.7968163537654297
0.8502837605950502
0.802147039133049
0.9064937721273554
1.0211523987288271
0.8901202972253609
0.8272294683384894
0.8193730678739355
0.8287134120687615
0.8030049079526042
0.8881140473299193
0.9874326486974299
0.9755949323673991
0.8109002499088853
0.8400893458157467
0.7944311269619071
0.8178845647537415
0.8690880092158693
0.844714941802017
0.829287389797054
0.8332135023290496
0.8259787810795292
0.841164415009698
1.0287653599525362
0.8185419104292201
0.8444619148160935
0.8770008188184294
0.7934777861258697
0.8651464846758476
0.7798528677252362
0.8814776893565789
0.8491008641941727
0.7741648495783565
0.856999345616418
0.9384587485946922
0.8734906331873886
0.7877759059962204
0.9088783993048897
0.7774154331806444
0.7818771106151949
0.8204572360373015
0.9084558425041853
0.8289317027082896
0.7995975015052257
0.8176955174749712
0.8469076887544891
0.8217434766929531
0.7889100668028208
0.9654090759500442
0.7963269134163633
0.7823134920315205
0.941358314064646
0.836242573315544
0.7926996644135904
0.7871333615080642
0.7931965005740944
0.8096638625333045
0.91064777861199
0.8718454941581837
0.9882147596074666
0.791993282832128
0.9076449622374976
0.8999339297001757
0.7907734174926941
0.8673598757055071
0.7739897963674521
0.8051294167053679
0.8585976598683619
0.8895929180336408
0.7987253803140388
0.8768447332459169
0.8814375518573593
1.0799554755433731
0.9077984189008924
0.8422510325041273
0.7769610906814977
0.7997297201308171
0.8336194408584289
0.7978429671891585
0.8934187995520247
0.8333616022046655
0.7864350065122473
0.8779409305333691
0.8909188076523716
0.8474434511811343
0.9616214432909627
0.8062717567321747
0.8128440318333955
0.7995918129240537
0.89157409890599
0.8512787886002333
0.7738642797657064
0.8464836992041501
0.8016147461963853
0.7706642511532774
0.8652352307755382
0.8834016142318455
0.9549351067791967
0.8477607141971135
0.7831577266093356
0.8758545603197582
0.8517340364463144
0.8611919096099706
0.8684986299326087
0.8104680239155198
0.8821014048644927
0.8536679045924134
0.7779488692709435
0.773256002819106
0.8379573502555032
0.861383183087535
0.782185632884971
0.794098166954512
0.8688942419649447
0.7962274365878221
0.8199662968452412
0.9632424133114195
0.8578339398336154
0.8086890919333278
0.8380987257991297
0.7620830415450527
0.85986576371642
0.8720854812975001
0.8047959866820737
0.8215755432348161
0.7859573965188447
0.9076412456008529
0.8034690722733937
0.8786622253341874
0.8139408616387735
0.8975665734533878
0.8686954407522304
0.8706095773466659
0.8402558285729009
0.8946848667175467
0.8505349408240094
0.8006746394119625
0.7920959051404176
0.8634270259280215
0.7961127740050918
0.8938534509019359
0.8251339984337006
0.8733492351780306
0.8877226013745045
0.9582409525602429
0.9119049180388833
0.8201593098640025
0.7745760457735601
0.7951137755108281
1.0136779407337952
0.8005910128553257
0.7907303720931694
0.9937571217341635
0.787107032944496
0.851041244050223
1.0631109427142724
1.0239725960739137
0.863538291364367
0.8400833142176054
0.9208015154041949
0.812084030609337
0.7933336087949124
0.7801509085522055
0.8330336507556599
0.8175546151113289
0.8648440486668898
0.7833742292068983
0.894395001216957
0.7837412724558805
0.921020273304839
0.7851539391639483
1.0019988168130873
0.8268414563350637
0.8104921354325573
0.8816487952846302
0.8479680344247104
0.8062825927367279
0.8615592667698724
0.820097517284754
0.9694544537853179
0.8566791867547625
0.8142470362864587
0.9205851326483273
0.8638071948168526
0.8773264195260839
0.9008588559063554
0.8530422368499967
0.8503770477368678
0.877529929141593
0.856313374533236
0.9379455090025597
0.8217443298075993
0.7699927372266642
0.7801728009434609
0.8061835460203448
0.8449592787673419
0.835599324289496
0.8966290269781511
0.8696494948688818
0.899434741042676
0.8829168705913756
0.8040812202351998
0.8359935799970801
0.7928023196625984
0.8812851231601176
0.9561897950498637
0.7821789208071981
0.8538697142879892
0.822472960275563
0.8801636688793466
0.7939917796446887
0.7878903559312113
0.8564733559398299
0.8339231049049604
0.8170604060395363
0.8342062957864582
0.8720428802239917
0.7678116774551998
0.8547423071510869
0.9607024946025986
0.9253680655353159
0.8614493764125821
0.8554848691258989
0.7917781769732911
0.7982865015576128
0.873767425309621
0.811961382898913
0.96015025409974
0.809497972158077
0.8776556732615814
0.8045946973170647
0.7902806696430626
0.8491435112997308
0.8360085061686912
0.882371089174026
0.985689946136404
0.8899474133577637
0.919596106681011
0.7930317773569578
0.8383976011958514
0.8761973291718401
0.8446832670262848
0.946175672003063
0.8682456207513397
0.8341210758948554
0.8107736099722921
0.9132788955948345
0.8354265773931573
0.8310099208878382
0.8092682841209161
0.7977511784312032
0.8032044557484327
0.7716679493884906
0.8405896622530209
0.8530934460738099
0.8473404989188801
0.8284200862621361
0.8870211174190075
0.9135383296087385
1.1274364609587306
0.8069965325328307
0.8806210219787474
0.8949575651260774
0.8433085453034563
0.8403801185389077
0.7833256306586799
0.8004882184859136
0.800810070192472
0.8937983704160286
0.8084584856871276
0.8170173921080816
0.7855208478006702
0.9892410268038871
0.9446121669423049
0.8000545946412019
0.8964306460941761
0.809686957132837
0.8226939431603304
0.9134546750075933
0.8714980702223405
0.8426286242545554
0.8101003781666571
0.836324039839613
0.8926332684838129
0.9018487608337852
0.7995962266036416
0.7990298679361104
0.829804585966163
0.9492173232603387
0.8408054561710278
0.8825513292732727
0.7785444596843759
0.8499094411164893
0.8063534311517874
0.8180210270401783
0.8315601864542161
0.7978402244853344
0.7981884860618186
0.7944116751679936
0.913162632571751
0.7676083512573321
0.8509547607169073
0.7889011017738259
0.864070331122025
0.9033325932343128
0.7720395195226418
0.85308802762587
0.8119773242693071
0.7881820891824564
0.794906905425727
0.843783139584212
0.8606292887949347
0.8146449583107848
0.7850883453986227
0.801353877150081
0.9292711152519886
0.8729496947384103
0.820072776973532
0.9004491397778321
0.854710665413412
0.7831577266093355
0.902472843682935
0.7941389167999475
0.9804711558248329
0.8773715951940344
0.778870436942192
0.9884124778922107
0.8423671686425733
0.9250504377087828
0.7912050579256544
0.7887879357434042
0.8469332134161353
0.9037778258014565
0.8660136464607632
0.7868859645241942
0.7943399075813711
0.8242045975976565
0.8347554057129937
0.7890208332448942
0.8599908826556404
0.8794522702199187
0.8471510243412864
0.8795285447557984
0.9006741038483719
0.8064513458829827
0.817519575099723
0.8682941227418243
0.794940767226997
0.9317055143106763
1.0149970648266962
0.8054568484391511
0.8677073674229825
0.8346678778686409
0.9739586043567183
0.864005065376543
0.8900288074472783
0.769358276131892
0.8851843998979249
0.7848902567960131
0.9104578788365152
0.7826225216439466
0.7841853424655998
0.853476034126914
0.8229851177534795
0.7793729679150638
0.7619100445190448
0.8531062325784536
0.7678335929818856
0.8711228728472961
0.8690929637170655
0.84095397967541
0.8185290829568661
0.8605562114028034
0.8127992921053662
0.8254149908336041
0.8031617029587788
0.8249087183500907
0.8551080908995548
0.8782901811323442
0.9148095241690384
0.852134279888109
0.8500952494063344
0.9227774529171318
0.7986253368265727
0.9417791609846926
0.864909973485081
0.798072692513079
0.7961782813632656
0.9419781205796078
1.0348100034250447
0.9313406568892314
0.7865997656528245
0.8801199483459303
0.851561378523132
0.8159298013170099
0.7964318778489525
0.8418998096557996
0.8394725322282849
0.8819349556484191
0.8851397525654647
0.8083378028149235
0.7690340785110947
0.8991424856313396
0.7856874520454
0.8005823446250557
0.792027525283142
0.8370616306758555
0.9048020216579009
0.9358657493156606
0.7714004418957826
0.845958503934818
0.9476663324719928
0.8784249854422576
0.8023568345401783
0.9373372102117805
0.796340951452391
0.8503968695362197
0.8756610810992171
0.8506759314138692
0.8536016602846691
0.9195088668703865
0.7948515156836018
0.8884028137145261
0.8279045476318908
0.8735908470560738
0.8458384516658064
0.9189652694402646
0.8680700348661197
0.8309747843704243
0.789078699982649
0.9063739654945222
1.007776656060202
1.024779423536684
1.0043893774081707
0.7963147833321476
0.8524320228489699
0.8298596354184394
0.9984966042528555
0.8918672286062976
0.8950039722969356
1.0260357072318227
0.8356875234894923
0.9038780806107598
0.9312692931562088
0.8970630501361359
0.788840623244364
0.8392069220090002
0.8619218494815363
0.9001234295125007
0.8303549296790742
0.892733401100345
0.9028635128216297
0.8275828335673234
0.8276950982478251
0.8866693223592335
0.9068469440874922
0.9140614427434027
0.9035186430094115
0.7618650685696939
0.8551203413956574
0.7793581777857088
0.7968087144192272
0.8426580028037625
0.864057346934379
0.8004846331725787
0.7835257282534367
0.8827325177574834
1.008666371777295
0.7790970443064195
0.8584997243601653
0.876271015625842
0.8472928583097573
0.7728461698747229
0.7999879481415071
0.7629617891904392
0.8693222516305809
0.842976647903686
0.8366950404915198
0.78724173773033
0.8430293587394021
0.8764590097246575
0.8955421737715353
0.8427440191786566
0.8579760034190962
0.7885062443083397
0.7946741590740495
0.8674028647288945
0.9087517202321012
0.9180372567996671
0.8713852348606216
0.9397039533850101
0.8914841190530225
0.9213261503265401
0.7645380672022032
0.8099365143178624
0.8458068802090489
0.8160809625554049
0.8798641034759775
0.8359549989858077
0.8983455041091096
0.8387019911122908
0.8338801951734056
0.8224887937094376
0.920324200555592
0.7945445921533199
0.8430165103334551
0.7962979270171819
0.8956177545164838
0.8292441026339983
0.8221987737502378
0.7845930468812093
0.8929403639870583
0.7904021436659291
0.9424539370713954
0.7883389424531976
0.886107206666861
0.799879868811735
0.8142715815639976
0.814727564802968
0.8870756069254937
0.8379017442492038
0.910323832014455
0.8076495714326951
0.8413357725700107
0.904944567624389
0.8255812649881431
0.8720643897281204
1.0756106456830636
0.8403304508472368
0.8361809249034796
0.8603036495616587
1.0098589747618407
0.8710773638227093
0.7905735894870237
0.8258955034163054
0.9543037836094377
0.862638756476258
0.8876728206400581
0.839786938538131
0.9372227249431588
0.8994603533998571
0.8141497411378811
0.8787308064944939
0.8073344596979958
0.9067240191788177
0.8406367600329702
0.7967893890675499
0.9974704989992809
0.8470185607932256
0.7948864564254546
1.0162686094758748
0.8026618034774589
0.7744338875578042
0.8152151354908199
0.8531282419303553
0.8131379642062487
0.8778604750876482
0.8318739814878473
0.8057118940893025
0.7878925289733172
0.8099699971633721
0.8265105699163723
0.7738158462209456
0.8878152148747889
0.8357200134585988
0.8017191756573718
0.8755107869315688
0.8476717769680727
0.9004759726069849
0.8343672939709086
0.9036925231763289
0.7820686554743878
0.8071314366680058
0.8846187038540492
0.8552937506907711
0.8774175829674904
0.8901947647318735
0.8400739267715117
0.8067824681727904
0.8620858689728069
0.7971927456910041
0.8737224738540875
0.870858419827828
0.8496571388378747
0.8020588262151105
0.9382727282171894
0.8611773807813202
0.7903661960919474
0.8743186817181927
0.8013326939098149
0.7860989642072408
0.9077172911180003
0.9712106779523183
0.8507313781846044
0.7927364494193722
0.8509328173512822
0.7923486209349919
0.8070372295475922
0.7740919408029232
0.7862053625423518
0.960994635883294
0.8238426733556575
0.7851193192087744
0.8241410644760441
0.9386620447632725
0.935970589277905
0.7890759068488897
0.8841589407493142
0.8552714706806701
0.8496863436799862
0.9199823907047535
0.8787889735739929
0.7897185421383541
1.0699146118159328
0.9036626660637809
0.7725075144069984
0.8443966031059862
0.8402589862900948
0.8467675621473542
0.8069534463256595
0.840422203258443
0.9097016834161803
0.8791015431753819
0.9142934758519167
0.9249116798324684
0.8458641216322195
0.8191770085686169
0.7839918802079353
0.8210116062109164
0.8495406909529472
0.7757441273338667
0.7967289511721259
0.8389235665036809
0.8036718216319535
0.7930120232005052
0.8212588231851199
0.8233004182124277
0.9496371511217031
0.8704424195240753
0.774662469819776
0.82728790609912
0.779704233433504
0.8079138618254844
0.8520089917516716
0.7770491584797656
0.7842807823581732
0.9234096887984078
0.788271162260078
0.8396715318519103
0.803658630755601
0.8889798602169837
0.9273626017557827
1.0392886602423594
0.7864173786269487
0.8745727171378822
0.9368823362729388
0.8777362260694241
0.8840743586616086
0.7954294737803127
0.896753760400085
0.8665500523006013
0.8494230464977527
0.9224335887181092
0.8069180059908114
0.8687168644483511
0.8781828772107421
0.8020169176317309
0.8458384516658064
0.9562890783774527
0.7703975122074074
0.878922001331109
0.8448662911727975
0.981861782095567
0.8684530324288676
0.8733364390670896
0.872366198996938
0.9089245633083394
0.8290707206668739
0.8195038553618303
0.7954477416618132
0.880769444900845
0.7926230158453438
0.8087140924918937
0.8437828655950009
0.8329587851308049
0.8566285518959245
0.8465419565650438
0.8684109342626835
0.8747322936226362
0.7963351962959375
0.7794227288508863
0.8970225259950662
0.8855937215996327
0.8276350345227208
0.797265316223998
0.7839008902147322
0.9071359705328172
0.808210895532231
0.7862323169385832
0.7772043221796807
0.784579931032271
0.7854967731086903
0.8695467609759742
0.825505710819896
0.905762921873882
0.8134337639639698
0.8868807209936107
0.8492384092954224
0.8653534054558608
0.8770008188184295
0.7939420300716927
0.893853450901936
0.7894528143931951
0.9399640703462143
0.9391463706403429
0.8094336843573897
0.812415911567022
0.901467757712599
1.0613629673256075
0.8115297884505401
0.7874644774352133
1.080027865539783
0.8769006994586808
0.7968716489064211
0.796315368855582
0.8474846991298973
0.7754259239710842
0.8570656066214651
0.8015909965018044
0.8797436446084421
0.7778773818716712
0.8776042167931766
0.8002004730759654
0.8713532611804271
0.7960378119596883
0.7875786550563405
0.816466307322995
0.9431724953258711
0.8743580315065105
0.8209291615770766
0.8127356338937308
0.7995435287197608
0.8690920670816288
0.7793421148157954
0.7804438672860132
0.7796118853571953
0.784554826704026
0.8930966470561722
0.7876570066686834
0.8562769421840909
0.8082334196743787
0.8917556202088834
0.7838701507179244
0.7949495977410392
0.8784348236417268
0.8223258359424598
0.8930651393889542
0.8419656721228321
0.8829569455459325
0.8823158387300126
0.8006792236036361
0.7909620679833551
0.9144612959816567
0.8782870425812095
0.7975220136120731
0.8244567236257105
0.8924809234601693
1.0083251069821013
0.8652535474450997
0.8527811939744296
0.8370649963209786
0.8793365349592055
0.8467675621473542
0.8516475885425602
0.8701832477218622
0.8654420162422102
0.8075844495817553
0.7946824732816369
0.7998264550673403
0.7928183942988305
0.7977502371167017
0.8921870787143755
0.7934516246065378
0.8752147239895934
0.8281534551291223
0.7862080562928062
0.8143911924991296
0.8065320329925071
0.8919728372412407
0.9106592948177256
0.7886858456609142
0.9045928024986916
0.8674691343588485
0.8507148561296123
0.8006360933140853
1.2742769431131769
0.8692651160272169
0.8381351765190383
0.8699546029100866
0.8350746404940043
0.8494711537732189
0.8317754476885139
0.7936131717238404
0.919229231370528
0.7769700697127706
0.8313762684053323
0.8434683700020841
0.8048695106104864
0.8813366278522575
0.8489192517055223
0.8140338143607052
0.7863307433636844
0.781771157514663
0.838055788696803
0.8540454119574792
0.8318251460096434
0.8586515927966452
0.9993607259101766
0.8460417915667352
0.8560142513253007
0.8892694596165878
0.8825513292732726
0.8868792026475623
0.7710275608274358
1.0333423198011056
0.7889848664050242
0.8020588262151105
0.8464289500090371
0.8360963841077718
0.7792095940235017
0.8887597935343176
0.888205850688664
0.8779493794203258
0.7775117019667543
0.7923259954473184
1.0898691295605762
0.8384557702319297
0.786230057016334
0.879542956705481
0.8143748513477966
1.0853804240013338
0.9035437898376268
0.871122104240071
0.8258756578625497
0.8590326094839847
0.8211641648978897
0.9967407187257049
0.7992370404450814
0.7943661771376468
0.9354690096615014
0.7870332759835266
0.798963463274801
0.790028031684662
0.8863979158774482
0.8973745549728611
0.7706338707207347
0.8623155689726636
0.8539087309809801
0.8453543109163176
0.7822629404395526
0.8803556961601203
1.028765446074339
0.7890719465486492
0.8840321765127821
0.9426544109385766
0.780650567889126
0.7655574720681109
0.8576329753108383
0.855479983327152
0.8292808146926015
0.9288084768501544
0.8894576892031305
0.7707241256436128
0.979119295629204
0.9305556955950451
0.8538685570297808
0.8836456673016734
0.8437542808303559
0.787123398424266
0.7862634990015847
0.8359543014528428
0.8742443860836127
0.8883471873609113
0.8808938991529399
0.8772592603483853
0.7891680950597434
0.7901866742124306
0.8335435891771584
0.7865274417889704
0.8209024517037078
0.9795361624988864
1.0778785837150344
0.8853248948345804
0.8264334785802571
0.7887598391983787
0.9024847050099739
0.9490807522494411
0.8840198450767777
1.0000573177027878
0.8130151482195711
0.807280614585284
0.797985335387877
0.8635090567006275
0.7964000529574826
0.7877407830639099
0.8651464846758474
0.8524350193514045
0.8335695922730074
0.9337962086364848
0.8417620710418202
0.7739663623220658
0.8753181222244486
0.8175120270528091
0.9093284491671061
0.9817382961186647
0.777567387764741
0.7770155391043752
0.8395450272176899
0.8155696554690858
0.830579651541801
0.7982335641087004
0.8032301488939013
0.8072695536790175
0.8552878769737591
0.8812413585136973
0.7831046786276112
0.7979372628397616
0.8954049802862613
0.93077339354996
0.8472204822888483
0.9534809155556935
0.9141939727490824
0.8936328127389691
0.8805920761721353
0.7861213558997473
0.838215484071814
0.8825456402739931
0.8838055640229734
0.8163201362438863
0.8350266323612872
0.7940702365475673
0.7911101187467207
0.7948583009706259
0.8760396969238079
1.0293067213087363
0.8018995553061291
0.8486637839168343
0.7675809872077877
0.8097745681083635
1.02624780066662
0.799847657821438
0.8333960928755274
0.9591978679995191
0.8120015478889838
0.8098352466822883
0.9103741367967157
0.8412507424585972
0.8594640614038958
0.8868382644798195
0.8431587571666737
0.7984081121662158
0.8580016651083162
0.806713198459767
0.8261061659188375
0.8526543548934203
0.7831085066801841
0.8452175009618466
0.8094858562023892
0.9862427073980822
0.8178099355925307
0.9093284491671062
0.7892138193668513
0.823929647899792
0.8543895099982717
0.8365103375737851
0.8753104547509849
0.9526698119410486
0.8005362360017799
0.7988838658001293
0.7932213171027427
0.8357119192521331
0.783642556864516
0.8930379277379076
0.9154965938200799
0.889953139224124
0.8477526254518684
0.8761723767379622
0.7796967093812944
0.7870162889421518
0.9468114247525683
0.8230637892747221
0.8624534006531516
0.9283400480789816
0.9102274708808203
0.8890745176327942
0.9041384988981658
0.8944364180233938
0.7906400589377779
0.9450120705332731
0.8396217589578354
0.8032380757631177
0.801319387708654
0.8033387182147239
0.7883641159275043
0.7993705289759979
0.948303343332947
0.834490663102925
0.8905007192948933
0.9404321413641222
0.8136151361971423
0.7908753866375757
0.7999501933623928
0.8434086792910991
0.8195288216438483
0.8389940739911088
0.8392586451123663
0.8575040065782499
0.7966689251786837
0.7937158201665516
0.9382085694855339
0.8564191402155106
0.9425782968093688
0.8507148561296123
0.7864647197988648
0.7956844985026406
0.8114763635576385
0.8492250203880954
0.8781319142206149
0.8663765259048358
0.7924182271474187
0.8528369385114237
0.8488061596308634
0.8795091955809563
0.864191313281379
0.8424521338984956
0.8473310368502263
0.7819419061793789
0.9447098232631579
0.8102771681698155
0.7863491601745188
1.031505457686722
0.787763601219077
0.8222545071699732
0.7752049847334062
0.7821675668963448
0.8081403595508103
0.7894509615435253
0.7964200555198636
0.8477300417089081
0.8499992340260469
0.945838011536171
0.8555101759857984
0.7975091953771778
0.8361265925652329
0.8591702699552541
0.8309862229285363
0.8417107485243303
0.9076412456008528
0.7710497279703705
1.002680745160857
0.8684059668152827
0.8352753614110872
0.7866815187394504
0.8544940020610079
0.8895929180336408
0.8292553169308099
0.8847969664612308
0.7967139981202405
0.8633185397616039
0.7774841959939399
0.8650704879284132
1.0240467990546995
0.7974344398614487
0.8300072146221071
0.7908727975613061
0.7993450028282212
0.8660491090929971
0.8407702207695142
0.7928186052174361
0.7799251256778781
0.9987262112025284
0.7726608536477092
0.7808829172397908
0.818287686649034
0.9691788994922432
0.8812803110617694
0.7783715977069889
0.7803040082756804
0.9222829573383478
0.8528088645742501
0.9177671929798806
0.9220173877768257
0.8083229611198893
0.8578955411423237
0.9956415995141659
0.7768417549300218
0.895518945580291
0.8393116006241415
0.8854921761145361
0.8165291797551912
0.798542158490325
0.864091005319483
0.8546173577003087
0.8385339587609784
0.8477406538199779
0.7837915407813311
0.869541320288284
0.9119177007915635
0.8399531763114308
0.852225806303164
0.8068401652124904
0.8760396969238078
0.832825531535903
0.9009017091693237
0.7604466927029061
0.8406367600329702
1.0113778001595704
0.7825340173258222
0.7899356833207836
0.8468054652371779
0.850236241622998
0.8031990406853246
0.790266618945939
0.8736159140869441
0.8742907659160117
0.8116910175207255
0.7918935901856494
0.8940069761991932
0.7877354754560002
0.8494978960795059
0.859698513268178
0.788685845660914
0.840777044594084
0.8771016287308234
0.8077045082884877
0.7668039741742331
0.8639064437964039
1.023647503571902
0.9411177159402222
0.8966332287830909
0.9075201120426252
0.8178099355925307
0.7926595100080719
0.9466933895791857
0.7869248871768132
0.7755056557326451
0.7896807762337626
0.8169343766957595
0.8357709534240176
0.925739899511643
0.8925405766250769
0.8826620617162535
0.8253875603522918
0.891125736730966
0.8807982937605853
1.0529961887916535
0.8855164954978261
0.8069896011464925
0.8589891161896718
0.8301981296469616
0.7746337520553895
1.0052150147509145
0.8874905479168906
0.8889703112876987
0.7819176439854012
0.8383372447996208
0.7879995427374213
0.796879176476449
0.8306703985325188
0.8822669873052984
0.804536806238071
0.8498499374026895
0.8187876127813776
0.8352252234843625
1.0701555185749607
0.80259944247148
0.9087857516766324
0.8066478480204893
0.7975993000326203
0.7803296907780145
0.7906694333022386
0.8017700796134299
0.9088177813413258
0.879365222273637
1.1267313838095696
0.9340166030124959
0.7959653919955089
0.8636782746088795
0.9355995324120008
0.8194724035991724
0.8536986446993331
0.8031985031118506
0.9446753625878201
0.8377123331769514
0.8226461752403527
0.8469022112050391
0.9376545322746659
0.767680259637434
0.871479869893766
0.786178316806458
0.8147703630074897
0.8842856185054628
0.9308903688553937
0.8065632220997099
0.8448702284542289
0.7820850631264126
1.0840050325675263
0.8586298669430782
0.8884028137145259
0.9539301183661105
0.951967212271922
0.8529279593581299
0.7768427849888887
0.8824887528144503
0.8472524431997968
0.8477399608577052
0.7933029477857494
1.0843360739319308
0.7811862655286582
0.8399833460581465
0.8727441628187529
0.7864894590776541
0.8134926629051739
0.8100730592913726
1.121945799141376
0.7817880003336077
0.8419623054895978
0.8623991026839064
0.8393019508900891
1.0248368067817197
0.8840640888488207
0.8893398448641223
0.8193268689804393
0.8497819109833682
0.802486130594501
0.792544624733824
0.8695331348453931
0.7852516548179149
0.7913679168625486
0.8800689419717107
0.8023415541936209
0.8833252126597406
0.815159373418054
0.800613754879165
0.9404669350824274
0.8353776615119681
0.8952454077790291
0.8094508428749251
0.9384896016190025
0.7867062168964754
0.7938423097339916
0.8351288870735039
0.8008229981509234
0.7956636565127092
0.7812879762554229
0.9789728342884507
0.7683463417264702
0.8036933739392665
0.8591796972915395
0.8790485350789765
0.8783780618020383
0.8574405467065536
0.9049647475119994
0.9090067701873861
0.8318350374759148
0.7829241958622782
0.7852346986778304
0.8808690335626885
0.873331117924212
0.8730678161319583
0.858745000688554
0.7997746628874868
0.7970409664373153
0.8733804108001161
0.7839495520246226
0.9021757411329574
0.8450172947911947
0.8444387278305028
0.8354899276716652
0.834781184262309
0.8514122573625298
0.7933999649762694
0.773871966908312
0.8150369810768299
0.8359047038883675
0.8215371798845542
0.8822482163207535
0.7940860925755768
0.7791044250135976
0.8766348795477954
0.9053492859203943
0.9004576473333683
0.8842023238051544
0.900203719172548
0.8038990263031971
0.8350804195742356
0.8481165433326254
0.8731750271293359
0.9250504377087831
0.790266618945939
0.8044111191087511
0.8755741790121273
0.813289516753329
0.8473589969774596
0.8335411679809391
0.8145689169805542
0.8661393738047399
0.8967428131744593
0.7778942114352069
0.9168156053605617
0.792085834529521
0.8087543990589873
0.7968015236786384
0.887623662895555
0.8552153053770318
0.8113355087671908
0.8905315981730111
0.9050715351607498
0.7996514014048816
1.1027257984278895
0.7670651793582434
0.8908213879231087
0.8970643169152086
0.9235815504756726
1.0137719059310744
0.7657587095637308
0.9573961899956676
0.9273880423569785
0.8992675937669192
0.8300819169748342
0.8166606107891035
0.8728365835164333
0.8290917051290195
0.8902505828370102
0.8398998138498884
0.791537250573971
0.8629566446516047
1.1928229427681396
0.9300378159181328
0.8622807866537772
0.7943305593942005
0.7968268805605541
0.9077576009561968
0.8279026413484576
0.7759231681589198
0.7912722931377179
0.8227899917583612
0.817508585139503
0.781112197437105
0.7951811927863186
0.7798814571264858
0.8931389192007607
0.768978912109023
0.9013187437824635
0.9003768908562284
0.8405198948512052
0.7942920695596416
1.0109175502808632
0.875561389888333
0.7727322472380476
0.9057335404420837
0.9217869386077236
1.0027743142459775
0.7861262409268227
0.7913502608288052
0.8817408546357458
0.7877042619112353
0.8416305297247897
0.8036523824620214
0.8732717654159565
0.9399060436732898
0.8248728395825293
0.9501392450717959
0.9216045334240824
0.7741921094639556
0.8651120949880381
0.8975125974999838
0.9088410889086613
0.8367419946244764
0.7649614017125873
0.7801310357868491
0.8166300830025232
0.8476691704503216
0.8290294146998789
0.8834548877898605
0.8115757865015226
0.8542215975323235
0.8593997910799767
0.8887481098561241
0.8984692601739545
0.8081306208006565
0.7769129903732747
0.7719223073633675
0.8898193895521689
0.8343109757287244
0.9114792563500194
0.8669441188185469
0.8531737108241598
0.7969961655968708
0.8825623053146459
0.8777343231377932
0.9441763544246732
0.8250186732344008
0.9308780802909782
0.8518325243578346
0.8076984322409588
0.8025831646547348
0.8240545284726838
0.9521593781969742
0.7687653458354584
0.8244395302084692
0.8262911862314195
0.8401106124848112
0.9111356771010954
0.837338883318469
0.7913343923528995
0.8510412440502231
0.768372050998545
0.8535100602730964
0.8167802444646418
0.8076302514633342
0.8145624031679306
0.855800936083288
0.9133211868960395
0.9212961773418926
0.79964937623675
0.8365990609962316
0.8610534556010943
0.7931760787305876
0.9077711844656188
0.7848700004135439
0.8962965208376376
0.836735873241279
1.0367556962717646
1.0459824606136927
0.8429333736785848
0.8124103704175407
0.7939145756669052
0.8644996364996511
0.9419103927881686
0.7764825769226024
0.8450224372690825
0.8167450882612048
0.8136347317438382
0.8518265196576469
0.8423660336215231
0.7995696231023454
0.8363472351775012
0.8741742137844537
0.8601210801735228
0.8760396969238076
0.8029183944544065
0.7780171499705902
0.7942453839919303
0.9213496858895045
0.7895058932343363
0.9074249053046226
0.8679952171855998
0.8719712385207957
0.8395663295070247
0.875411409410832
0.8881140473299193
1.0590332007356618
0.8109310178148563
0.7912955558243673
0.7846131780841527
0.856251601299445
0.9860795170166863
0.7829775827764919
0.8693763458713775
0.8332031388100337
0.866644552207271
0.8045257307220158
0.884352105309956
0.8024973229895724
0.8663345116346336
0.836418713998563
0.7920654805221174
1.0996980364447269
0.8344237024092934
0.8361833041991839
0.8494665499081492
0.8526855040657193
0.8949468284095676
0.824116842552223
0.779409486158447
0.79526906368323
0.821234363645755
0.8866238317108377
0.8059269007292199
0.8287886337323478
0.8320270023721532
0.8238047977503037
0.7980751325068485
0.8763559370979026
0.8077817283458777
0.8075858451877339
0.8612975609037913
0.8535466405634452
0.8463295808812707
0.897729198283651
0.8003284964753259
0.7812641345857247
0.8705165172230979
0.9005722975466358
0.8364657573180527
0.7755230655310388
0.8240229742680933
0.7824293132429293
0.9103456047511919
0.9722008759963638
0.8450571993266166
0.8861292125577006
0.8088593930514614
0.7922649412527188
0.790992097911442
0.7803582511308669
0.7811578126355057
0.7777566358637691
0.8070448763747059
0.9782676225499575
1.0190446168056522
0.8284963251132662
0.8431369900915623
0.7835463818072274
0.9129510443472053
0.768765354899711
0.902741238832638
0.834912223904454
0.7895765543208049
0.8457648938692113
0.7946324695651005
0.8385591453068031
0.8902505828370102
0.9496093223519024
0.8483514147729592
0.8788278580311304
0.8445158475619942
0.8654267261315227
0.9190634225822546
0.9261729339512801
0.857563040902697
0.8277697612711786
0.8221318399640933
0.7987966721168606
0.8803713757360786
0.8894684180825958
0.8845951318815134
0.7756612991680263
0.7760696931226987
0.8167970343669352
0.7813052203186703
0.821906564550012
0.7771020791415014
0.8145293927917221
0.8708758742319775
0.8904765588389592
0.8262911862314195
0.897495715892912
0.8779409305333693
0.8711306150113208
1.0754391478948742
0.7669106390632208
0.8748067140937205
0.7928149117468909
0.9046612169021812
0.8536986446993332
0.8339959397206548
0.9662353900823408
0.8896566100221276
0.8367464178284876
0.7876431942796221
0.7853614272601543
0.7750941301608547
0.7842502212792858
0.7644926868844334
0.7880771568639687
0.8309809096678382
0.7961127171518676
0.7854385381962337
0.7995702822121789
0.7847123738186449
0.7995600980396843
0.8062248805742017
1.0067245261804325
0.9697195388316034
0.8588920848892836
0.8544584202593397
0.8406511501842894
0.8750352308069791
0.8443738063445136
0.8066395067742989
0.8554343140455234
0.9389924292252236
0.8190187611318009
0.8368401117050086
0.925042219452553
0.7901061423507452
0.9240466458790647
0.7791620198407787
0.769525386146456
0.8734452644548835
0.8857909175253974
0.7818501794973911
0.8551649054658099
0.8381726056813559
0.8177647118943067
0.8946901220436871
0.793465499356808
0.8153478349584717
0.808524326239342
0.9041152426282366
0.8773817013669469
0.8506395956874037
0.805169134318206
0.8121890409110828
0.7789228947035802
0.8498831175801539
0.8767235555471202
0.7693469122662658
0.8890627151218891
0.8627471851676709
0.8190477995566365
0.8083462055097305
0.7940839903118233
0.8848207768799762
0.7909954425420824
0.8436597016408112
0.8684613984441297
0.7990588310648321
0.8315412659392739
0.8529490694009177
0.8320344271207192
0.7956176700637102
0.781004691661863
0.9445639240518746
0.8497941290465352
0.7948659573487923
1.0367556962717646
0.7881723002397221
0.7754034465131148
0.8204470364858101
0.7801782702628575
0.791254711332797
0.7911101187467207
0.8580723880858206
0.8826573949865838
0.8663279230601758
0.8218649559850335
0.8515018202759713
0.8427758754365653
0.7746786391520911
0.9535411396840562
0.8752235984693453
0.8009399307434989
0.8810117373532523
0.7819046279899224
0.9213543740873296
0.8837918054663966
0.7898959588826857
0.7940603839925501
0.8624304486272076
0.8401279353584696
0.8864628070934815
0.7881547718167111
0.8630434339312496
0.8636886300307076
0.8838055640229736
0.9563675045729718
0.8209664754063452
0.9552689303997054
0.773140587488413
0.7866617036324082
0.8399401314463774
0.864488378857243
0.793174229413608
0.7842092311545849
0.8553835072905205
0.8145068798828762
0.9690445824276557
0.8389416999412423
0.8824196301224349
0.8017095325719457
0.91264294187078
1.060786315155496
0.8171971979745953
0.767497546494139
0.881544063601565
0.7722128558151578
0.8474048250659556
0.8217649717062241
0.9482929154059269
0.9909569609458214
0.7737294071454957
0.7904596819345513
0.8166258106168236
0.9261971352211543
0.8130624920560449
0.8558009360832881
0.7988513860975078
0.7779672427475479
0.9630482200738222
0.7942054638568832
0.8160386262928419
0.7765840184812627
0.8335411679809391
0.8075858451877339
0.9031475095492065
0.8458846952619282
0.7882843812002803
0.8995094653859153
0.8083126163798439
0.8447615920762022
0.8969238122267502
0.7864422990817705
0.8883917524297987
0.8399759653975956
0.8718148079812015
0.9233510770601236
0.8277074043174666
0.7846524980254661
0.7897048725293361
0.8559923121902665
0.8518792826306105
0.8213639342311149
0.9448900209463416
0.7976259752334102
0.8461756461109471
0.9177522720691115
0.8315069550138565
0.9134546750075931
0.8009710596742625
0.8832920017863839
0.767097582762906
0.7986964639218911
0.8590858514086728
0.8274768089457085
0.9509424307640055
0.8854805302699631
0.9731237449083947
0.809517480893248
0.8648140355442026
0.9441819855013424
0.8746457941130596
0.8010729224789765
0.7768592336048661
0.8580100903675509
0.8196942503931288
0.8760888769201732
0.8352576003823168
0.8758056183842073
0.8130582961773761
0.8199726735147653
0.8399337302104577
1.0328365641869814
0.8000691169281201
0.8756173757887258
0.8273929238197931
0.8827196612815148
0.8429681579189175
0.8490078712973513
0.9203242005555923
0.9047702923735558
0.8069002082010718
0.777926053342703
0.8023633349907993
0.8267187098776009
0.7857680399360899
0.8003777471632001
0.8336898452136098
0.8889767489416187
0.7736443910851093
0.8504789859091078
0.7974600561712586
0.7884553941835378
0.8668766974689794
0.9216045334240828
0.7898383029074945
0.9463890496054839
0.9520180487354143
0.8439768261511889
0.8886972658784433
0.8480083108460453
0.9524589821287723
1.0864867138498162
0.8508069373210341
0.9292691495404937
0.874017962157271
0.8511398829967379
1.0561769017192584
0.8708080222801519
0.7695441939757239
0.7956385600449474
0.85346860461728
0.8769631502997928
0.7985425511207004
0.8010629988247917
0.8549067220609693
0.8384055668303819
0.8819068117711232
0.8523261191394936
0.8216728800460849
0.8094491694825791
0.8408282952093463
0.8521430630848059
0.7779046851934746
0.8163668178818415
0.8814843591543936
0.830525449607903
0.7919160619970813
0.847483533236242
0.8539022339811415
0.7983883380313443
0.8028432889221442
0.8413739289669658
0.8421353195356573
0.8175070949497596
0.7951844305806125
0.9254114953212683
0.8185021321691937
0.8413302774366197
0.8425763587313838
0.7860420609211883
0.79249200457908
0.8647822269225262
0.8851061894566374
0.8572799153174764
0.8059664518857657
0.9424211064204753
0.8002791644358477
0.824670845436046
0.9611693497313636
0.8632748469732031
0.790573022592269
0.8155579400185113
0.8197688139282938
0.8480277791196859
0.8128440318333954
0.7931340398745207
0.8052626247322873
0.9407552932729328
0.7823232965312119
0.8644525137261128
0.8962400055651301
1.0826568505349492
0.781065643762547
0.8494230464977528
0.8529453531916056
0.8647386283371392
0.7970096919525054
0.8026984824465186
0.8821588910340135
1.0059754978154702
0.8017184139962602
0.7945510670979268
0.782959743523257
0.9991005770760191
1.0100506005625225
0.9807954668934458
0.7905144771053432
0.8008177233875102
0.8189488146424257
0.8350208708387118
0.8815731938285684
0.8572919253574294
0.885689365436362
0.8873253214399619
0.787601840363616
0.7610444635526422
0.949008388182449
0.8080592896693762
0.8488138308391965
0.8449744811573517
0.965633652118238
0.8878703904089182
0.9069269510542664
0.8091320561241016
0.8905315981730112
0.8114946085710509
0.818866959819011
0.7998087161503518
0.8204357130318158
0.7912068259836899
0.8645937071503319
0.8085506097824618
0.7915597405518959
0.8625578852285088
0.8719414521802629
0.8831769133371902
0.9128493376341691
0.9095392409477412
0.9813938016255096
0.97501211972243
1.0027743142459777
0.8005168090808861
0.8036144328557695
0.86870159475933
0.8640259741433437
0.8130775396565717
0.8034622546943828
0.8530569232934944
0.7844652863689556
0.8530077739813068
0.8366646257027555
0.8395527326145851
0.882852352353753
0.798284436355476
1.0481777747143586
0.9152425436441742
0.7844637791602299
0.9034699117756834
0.7975860864905104
0.8451313838618708
0.7877826729081594
0.8609273382670584
0.9111864540830426
0.8075813012974715
0.7877354754560002
0.8978906536037017
0.9429131873201818
0.7924707280449557
0.8681504658060571
0.8780151516897567
1.0363012441360413
0.9135317169054518
0.7938632214113537
0.7958789221348085
0.7782604878250822
0.8261994484403508
0.8254743321895337
0.7883023165332937
0.7937728004675871
0.8365689951551886
0.8163103448626268
0.7840002825110695
0.8652105398538378
0.8417131894400167
0.7835123591203872
0.8205971335784359
0.8233013972747625
0.9320297809940837
0.9014118843040211
0.9214987217087345
0.8768911864764113
0.7876221925273292
0.7898786561314104
0.9362786201520575
0.9153359601604418
0.833308996990642
0.8726242587958273
0.832267772432688
0.8297022167687342
0.8063048309734226
0.8616325180335433
0.8016869286469817
0.8270984439604971
0.8386718433668698
0.8805942629699697
0.859314980296223
0.9837279334997208
0.7743440293079153
0.8302295117692247
0.8114223935151686
0.8691140959850769
0.7778890970379176
0.771004856990885
0.8644673913116935
0.7891917608386405
0.8925103633154751
0.8682782574929546
0.7842048527823063
0.8216624038922362
0.9173287261299976
0.8875297190832444
0.8341037928559554
0.8017375962985198
0.787601840363616
0.8915868369213891
0.7748044921607986
0.7670667941480654
0.8447763660817078
0.8796024786609147
0.841002117346108
0.9222381576152066
0.8044018395145189
0.8856305107474641
0.8722299151267991
0.8888791589005722
1.1027257984278898
0.907361992238627
0.8242626261168746
0.7810736359715188
0.8763120522155579
0.8793637334852792
0.8902505828370103
0.8841474507979622
0.8166069348441406
0.8663321287919584
0.8610048572960681
0.8875671761631384
0.8135671323781827
0.7968439508956074
0.7776855307021731
0.8522915169562406
0.820162496121598
0.98551716416099
0.9035186430094118
0.8508050994060716
0.8429389187705801
0.9319860048981625
0.843620088010307
0.7907702044704249
0.8301985028258186
0.8680480555143653
0.8268862318883592
0.8625332870870711
0.7942261685901048
0.9314365180911507
0.826366143787653
0.8787327128440715
0.7606630667029771
0.8632136994010039
0.8378645921826212
0.9492831286699572
0.7750747370213191
0.8151750249409757
0.7752934220931866
0.8374787963408133
0.8009681063309538
0.8533563932315632
0.8115927757387285
0.8009267232065141
0.8620354961423207
0.8095247317216976
0.8779460111552809
1.0272032851331228
0.8343679754527958
0.8583091039896025
0.8122866741882787
0.7758336931030904
0.8989568087919156
0.8734632414631075
0.8201894558610943
0.8290707206668739
0.8241382705124831
0.8527803371953792
0.9362786201520574
0.7979789786556908
0.8223258070286361
0.9527922329157915
0.8643707489748936
0.7980791034276549
0.8184465172753085
0.8454985330176802
0.7745800667924233
1.0574125104355991
0.8392783842251643
0.8492313110068832
0.8488725712585469
0.8602077160405843
0.7832257553737193
0.8166069348441406
0.8141314861158206
0.8086073387594969
0.8395544145883133
0.9120318722903273
0.8978866296055198
0.8729673893767838
0.8515871104207722
0.8983782544380441
0.8238740537804645
0.8268752413990793
0.9048964907687596
0.9467864497027538
0.8929534086544839
0.7934869485355848
0.8147022507853718
0.8132933544814279
0.9424539370713954
0.85051546192741
0.8254149763813043
0.7677766280576301
0.8459154522840624
0.8335161080848428
0.8937668346304402
0.8147980583897729
0.8588222597657359
0.9010167848804107
0.9690445824276555
0.8232322586333144
0.7767594575499301
0.7780305991507334
0.7872055050894047
0.7867653033233145
0.8109352975683268
0.7734336058334603
0.8796351388623945
0.9565575052956554
0.8034249978507727
0.8683315397280985
0.806370798125911
0.8376568063084368
0.8879191658928339
0.85950507150375
0.874714450772672
0.8218812312351729
0.8028068616823596
0.8158651750335573
0.804761385534502
0.865559080034598
0.8681957101223496
0.8315136882051141
0.7685765463866091
0.823146452761517
0.8582555740152625
0.8394722207599723
0.8948859266358236
0.8022216812535257
0.835341343893693
0.8154056764736711
0.8192272217725303
0.8745727171378823
0.8871300204317228
0.8503770477368678
0.9969553175078187
0.77883944971146
0.8275168721926027
0.8858127245636409
0.8294547318930634
0.8796947487483725
0.8633686727323646
0.7770143826943944
0.7761325765570615
0.8060315419033192
0.8712359411427324
0.9520747926428792
0.7793201072085885
0.8043083583099329
0.9592121207028289
0.8484628572485124
0.8003653858920935
0.7831046786276112
0.7877306593714779
0.8267389781414225
0.841326919166863
0.9375802255834346
0.8691039132126913
1.0320660608696213
0.8835435544650092
0.7911901519146886
0.7853465336755627
0.8068094330913935
0.8063099653821184
1.0082992866731
0.8045215920034557
0.8447354170472048
0.9138124269858108
0.8102632233477408
0.8835592011910733
0.913812426985811
0.8406485456214855
0.8280403411250681
0.8425765019645963
0.9089745318289811
0.8673808855839398
1.107406252381355
0.8119655998480441
0.9486120658358319
0.8444425785966101
0.8520678875923687
0.844394099727729
0.8543624476020925
0.9432492680324418
0.9697744961138925
0.9399609869599908
0.7826985315254764
0.963390637489149
0.820741311479793
0.7683720509985451
0.9012256836588954
0.8137269424869241
0.8698263849555401
0.8146019233605104
0.806150499701771
0.8020808626548125
0.8293127855990143
0.8931848604565116
0.792981257342106
0.8540212650262015
0.8354209177142232
0.821114472354071
0.7978617918389116
0.7765153260884965
0.7871615980827558
0.8678038350910371
0.8924054379078793
0.8116315146703676
0.7971564098232956
0.9589650930728966
0.9122459831732026
0.7979641755504967
0.7774826754069715
0.8705512825287165
0.8918770028244902
0.7901475284770101
0.8908215532151591
0.9455077917770274
0.8591823310242361
0.8041229144783066
0.8043149413685065
0.8325731058776417
0.8177268789069371
0.8531062325784537
0.778131476591484
0.9303927885228385
0.8833252126597405
0.8393478105370695
0.9448900209463417
0.8583680276834814
0.7813590360177711
1.0631109427142718
0.8122743021107149
0.9420930220494959
0.9149003558749738
0.7901863916765723
0.9702336382698236
0.7792135651760023
0.8164660615030407
0.913527003888096
0.7892083479932985
1.00396934585314
0.8644571951801863
0.7847943221478586
0.82467456453326
0.8406416909259785
0.7984537810140017
0.8286980193190702
0.8096794825646467
0.8949716086999797
0.7960888657700325
0.8516676483088326
0.9879194157415999
0.7922186768021283
0.8961517835474204
0.7751647154632131
0.811740314759288
0.7622713591031488
0.8104844167731112
0.8305021861209677
0.8082505864830593
0.8915514048698269
0.8261178292185688
0.8123092845505961
0.9046612169021815
0.8303345428689265
0.8819468882902094
0.7811377970747229
0.9517822795816694
0.9425140790056253
0.8080136085528328
0.8547106654134122
0.897993351159384
0.7954263790085123
0.7871764930924999
0.9216045334240826
0.7768958579272829
0.8045298866312246
0.8994039999812014
0.8083903166036405
0.766680749334054
0.8139738831832688
0.7943847002782443
0.8689498183673889
0.8368518253383391
0.8994367296107187
0.7852134845497621
0.802683835775837
0.8756607298737195
0.8100523339583031
0.8488048546139905
0.8425832855873763
0.874113288296185
0.8058127926605878
0.9030335506608699
0.9271699901507915
0.8651681456000864
0.8236258114061634
0.8249313443249168
0.8784204830034159
0.9209445792228923
0.7912911622775983
0.89021750802923
0.9430829328810715
0.9720516684690795
0.853545034015339
0.7946297035580479
0.8533678550095487
0.8439871655875417
0.948568976878406
1.0660915186371085
0.816959275421836
0.895434626263355
0.8132517561270709
0.780737069813812
0.7887879357434041
0.8261607037543535
0.8553722059783505
0.9019889766771072
0.7801567853815496
0.7766424845755093
0.8392420772741898
0.7675594574571872
0.9296381483042924
0.9334944626381437
0.8558323949106235
0.8208611230602644
0.804024430283241
0.8890584047553215
0.8029989860777624
0.8259238535868028
0.8133040378991283
0.8909701680340363
0.8383514075356312
0.929260031052969
0.7624069236623803
0.7878527423908276
0.8691477271203978
0.8882078226008392
0.7786667047561885
0.7940470616745954
0.7788487564501836
0.8391536777260739
0.7746674094494203
0.8818653323578234
0.8749601172477552
0.8849554369671879
0.8388703178504253
0.8364428473220261
1.0049659669319237
0.876939711744624
0.8821465023403695
0.9151072056320044
0.8165511790206351
0.7728111162971798
0.8910145975120497
0.7853291800829014
0.9856830081051021
0.8605676984314203
0.8797675443654374
0.8960423308645054
0.9227887129524723
0.7805190608356263
0.9527534195813385
0.8667573373203524
0.9520079752551137
0.8054890730337589
0.8368504330240804
0.7975183937611804
0.8154712575726848
0.7772950333318982
0.8322464207986555
0.9887478593256858
0.7911044511111642
0.7826140654062342
0.795898274287836
0.8851681697524625
0.8557327237660548
0.8222463934640225
0.8550379064420819
0.821363934231115
0.807400869663961
0.9990546466053535
0.9795296525121499
0.8305971843631698
0.79241539905619
0.8109215699837716
0.893310735993154
0.8162840008478444
0.9325473049877424
0.9391532361543107
1.0078404188808041
0.8826016800436906
0.848079765760003
0.8234650838607777
1.0043161484466938
0.8740070426363589
0.8571346047519195
0.8424768391843759
0.8483089485520772
0.8998159484623518
0.8856497240840744
0.818368383823849
0.9107597672124537
0.8908687327687171
0.8869535753324184
0.8413432529906888
0.830525449607903
1.0201565069199265
0.8911193911186077
0.7771228342535876
0.8948982634191271
0.8733618323406527
0.7886556651622408
0.8061100621610083
0.9197727962389598
0.892479035129329
0.916874921991623
0.7953817740118845
0.7790389736359028
0.8542606573101279
0.8035531146840702
0.857796326076387
0.7939727558981472
0.966027215322296
0.904344261320413
0.911892621154034
0.8837785873697609
0.7777802761427645
0.8785644680030222
0.8901575227134421
0.8436912847479208
0.8359047038883676
0.8916947691334565
0.7889571786742963
1.0136427604686005
0.7845651863381592
0.8817092437389626
0.7918209165073402
0.8776683646919861
0.8898806126973737
0.931450992185903
0.8955360338289763
0.7787904004358028
0.9217294582608135
0.8852310447709979
0.8354762765024877
0.7968212935178026
0.8017286698022505
0.9205356064979601
0.7855852546135605
0.8426528171070825
