0.922930548312848
0.9591050822598913
0.9790641824893571
1.0132270031426234
0.9821494301668826
0.9146780874256737
0.918164876231707
0.9485134022845997
0.9664758297202131
1.0186497468542928
0.9593058775655594
0.9401842844698607
0.8983095556828674
0.9843117588829697
0.9823244680635799
0.9899120224892238
0.9800012929910575
0.9555914221527221
0.936164977435542
0.9263093223397282
0.9468439658344965
1.0017641386001348
0.9493203917969267
0.9380931273076959
0.9273609746390942
0.9310382799593547
0.9764748551994374
0.9609611174216395
0.9395336620260906
0.9413686784670441
0.9414152535313279
0.9326823322110097
0.9221177062418701
0.9678674757462012
0.9608686515551026
0.9651774882194433
0.9425057217592381
1.002507178711291
0.9866440656739806
1.0409137934656418
0.923273151283511
0.9660217580840075
0.9550240810689729
0.9490971260419903
0.947125906515258
0.9378056969984591
0.9362661888488494
0.9307617901593179
0.9418578202928812
0.9451941121069095
0.9344750824648574
1.0055571706833013
1.0387736030602426
0.9737512291559686
0.9472419583157554
1.014338229818277
0.9606190672607424
0.9804010245315062
0.9701316220670638
0.915808835597983
0.969864583692594
0.993694434808315
0.9774729756497638
0.9516764557699445
0.9301800017629351
1.038776523504054
0.9586579244232503
1.0592903200373787
0.9681840299269527
0.936348547570341
0.985149328231189
0.9602849023778467
0.9433331883977637
1.0264033245977349
1.0422749923004693
0.9857406820546413
0.9310291737427742
0.953935838361884
0.9652890084622191
0.9681820192198399
0.970691470188655
0.9428750924074702
0.9349201763588337
0.9051346217988737
0.9726924710790957
0.9781796203973245
0.9920024703954692
0.9351521160471145
0.9647998777469546
0.9455163580362633
1.0082918188142196
1.0163526227995952
0.953406396603006
0.916287569075767
0.9721356742641807
1.0236412754286235
0.9666632981395049
0.9612239984951886
0.9582484872563884
0.9464583345539863
0.9346080342277311
0.9019139613577465
0.963942915909476
0.9036407903020229
0.9554184478472662
0.9054768054901107
0.9817889944975638
0.93404011924833
1.000256839840274
1.0285410333253655
0.9210359125934875
0.9378046812686722
0.9739075377239507
0.9457854001438735
0.966728327544502
0.9110784052709467
0.9410623524668564
0.9309291710725464
0.9612549347921641
0.9879562939202531
1.0520418599349175
0.9932337672402051
0.9749186747563777
0.9477413417265653
0.9560302057768658
0.9074154695005309
1.0045730419800034
0.9311335995870421
0.9415071999111004
0.9707908710643477
0.9579521327562518
0.9640349582222534
0.9513283791199313
0.9510358925733862
0.9753509520928639
0.9800753390477995
1.0342305541813275
0.9519490594662103
0.9356031832593535
0.9396736207981465
1.0000834709911135
0.9919446686757911
0.9233582378089752
0.9596044053728449
0.9820783687356753
0.9375826139258476
0.9193226692535417
0.9722195911424084
0.9938596149719814
0.939819345250985
0.946964014370774
0.9165315380346174
0.9893631448129034
0.9155511552658184
1.0279553468530624
0.981422118500987
1.0013025712317882
0.9620306593616063
0.9407606146104096
0.9770820465163315
0.9683316611396544
0.947262897775217
1.005910487198878
0.9735651119489852
0.9258738330717431
0.9908101267080338
1.0000175042029236
0.9661173999231617
0.9581902536939733
0.9579762734029251
1.067936681347143
0.9410752531323684
0.9450820701358656
0.9839078310277456
1.0697610252981444
0.9503916771292712
0.9577802125172536
0.9874220122108626
0.9482361296957796
0.9206269119452684
0.935539069075031
0.9426963949806242
0.9395160342307978
0.9183385670150886
0.9101393115189121
0.9768973506000919
0.9286521827044179
0.9381568306565257
0.9083784726278142
0.9520779221016189
0.9676137098461132
0.9948869860394032
0.9483984489822411
0.929100936424715
1.005290206537513
0.9722064214309643
1.0231499998009606
0.9183894052568423
0.9548775481295357
0.9399410902465333
0.9442200333712059
0.9493954360893866
0.9302412504970604
0.9509239155037714
0.9500830163530742
0.9352958432915018
0.9252455856241171
0.9834190606652113
0.9633773604298028
0.9322038441994417
0.940963285104305
0.929596489859705
0.9197991371487501
0.9652885980226142
0.933420795803705
1.0185724366161977
0.936331324417688
0.9405591095865456
0.9713187582183945
0.969012509018104
0.908900223153988
1.0149448102573504
0.9788066026356989
0.9648686358676699
0.9347802935405422
0.9318621594677681
0.9539654493182459
0.9784198486138342
0.9123704491294853
0.9949493387916203
0.9467669847898075
0.948939360887085
1.039538844117821
0.948068960273939
0.9541143934288796
0.91343293741211
0.9638349973771052
0.9896465200247931
1.015412016451608
0.9744901768577556
0.9711359375956647
0.977758209703668
1.0968955024175686
0.9575227736965252
1.0114109916065872
1.0247673828960633
0.9256052193960175
0.9324292056892738
1.0175684464262502
0.9544918775397473
0.9407421045441149
0.9314447225409208
0.9425285479546636
0.9670108419187461
0.9139561933154854
0.9252722104572997
0.9313235715100411
0.9517287530320219
0.9726670815188532
0.9658251498488301
0.9191840622546606
0.9476944835287788
0.92673981768745
0.9449047135039087
1.0220897929508617
0.9589977222395988
0.9693773459732665
0.9823568440837814
0.9092148327707804
0.9588118650895195
0.9524330665833085
0.9276681479208067
1.00199579523896
0.9481052570778351
0.9834992438842517
0.9812787077549923
0.9439192820391077
0.9768928892513252
0.9761778285404895
0.9593429429574185
0.9191324824978067
0.933967064841504
0.9620665349927193
0.9571715883086734
0.9609709936100489
0.97488385274201
0.9411926162806161
0.9014401324257355
1.0325311053087531
0.9386777940441279
0.9305472751135042
0.9661720043466825
0.9931994680716423
0.9605084972858647
0.9006097225747183
0.9366126675626221
0.9518516842764314
0.9684048929740726
0.9911943800364563
0.9519183944493895
1.0604892899830367
0.9531076799355365
0.9298052488557753
1.01202079867135
0.9342628192356562
0.9387517260880078
0.9597229607491994
0.972709418669684
0.9374457003057616
0.9916689803914179
0.9849271347125247
0.995535069783052
0.9509988430161758
1.0146379669750134
0.9417034548755416
0.9220232413246883
0.9375267212231004
0.9493255124267473
0.971679535911599
0.944428304553455
1.0160249072118104
1.000278470741298
1.0349403772323005
0.9787914198401079
0.9589259004746058
0.9744767948016145
1.011355429707954
0.9538359873917468
0.9632078099569861
0.9352468981425853
0.9896942575403801
0.9544908624040874
0.9893816177209341
0.9656978582223236
0.927930550337782
0.9435955279096052
0.9754732392850175
1.036619370986858
0.912283508853211
0.9136272563856017
0.9940320321632767
0.9554749860209921
1.0587640693539841
0.9865289596629447
1.0168532408057012
0.9904852303412944
0.9981299802949785
1.0169851460238237
0.9898784086242471
0.9964396584503181
0.9550252700103093
1.016500914437525
0.9177668470908299
0.9607887397460546
0.9463739594908033
0.9755082587709677
0.9687029402271811
0.9682744529862378
0.9600468338271756
0.9542916649682769
0.9821006430624091
0.9413893603016814
0.9350806416337966
0.9530291475841544
0.965287722891613
0.9578734311733911
0.9546697701560936
0.957341271985276
0.9959984332101696
0.9663590141072582
1.0072300888367554
0.9809035378618103
1.0082957961464802
0.961697664813232
0.9844877173679499
0.922327503403781
0.9491357371282246
0.9918344059450702
0.9421996737798203
0.9921118102699675
1.0079849598215989
0.9068430527006212
0.962710185726266
0.9425855135986643
0.9212936908248435
0.9998787508379903
