0.7185360968887181
0.8415846858278506
0.7046916526764144
0.7022157265409675
0.8037294436749417
0.7256928739715883
0.8244808153895368
0.847984968229414
0.7189780726708659
0.8913499321151195
0.6993055194394163
0.7084491238231164
0.702366487556097
0.8886153824309015
0.699729423968117
0.6820747424586465
0.6907256027178055
0.69783874630902
0.6789451318113032
0.7636786864499542
0.7857074725711137
0.7115926003319429
0.7272547919683083
0.7748023769998453
0.6705838610346886
0.674827708774127
0.71366570317528
0.7019916777700218
0.6986608610527033
0.7671031590875297
0.7325450528093123
0.8677770638583104
0.7270900623929252
0.7024000384587216
0.7029493585263409
0.6861176502524681
0.9579194716794914
0.6912358391434742
0.7809297724337178
0.6827298235089203
0.7209082447787369
0.6910700949673365
0.7307533324705863
0.6785026719158609
0.6892911029826552
0.8469508797681665
0.6997031439624166
0.7151121671496738
0.7583614114199365
0.8049605189133467
0.7641489931230009
0.7122780683419069
0.7127064663783109
0.8009852413039557
0.8047775720807506
0.7027194287178233
0.6806519828124062
0.7246342239896785
0.7155324429182244
0.670583861034688
0.7075042418334463
0.6785963494453542
0.779586639347533
0.7164893416011578
0.6811219198741254
0.6996703954179841
0.685106056736268
0.7783270980590902
0.7763309829207365
0.8467219536343442
0.7655107422365427
0.8542767662189602
0.7303045782206059
0.691447009295951
0.6792240900556684
0.6907393349591423
0.713686962978852
0.7102325756735927
0.6946891584766431
0.8120558946766936
0.7087263359833189
0.8190304585597633
0.7250148470314899
0.8785505981429912
0.7006726971908835
0.7154436340182928
0.6982167622935552
0.6911718433846745
0.7977984631934558
0.7372535367292693
0.6875898570510417
0.705989173147647
0.7031931547068834
0.6955591391540757
0.7758248742555821
0.693909972217571
0.6916439268227131
0.8290479249345261
0.8731580101925098
0.6877635968480154
0.6888446108788473
0.8520655408223555
0.7001732446466818
0.8050841543486026
0.8397044362939746
0.8435314157117414
0.8484155830868945
0.9277388024681179
0.7035075481878112
0.6965122824319997
0.6705838610346885
0.8893298887846584
0.6918993559074741
0.7836466579765563
0.8520655408223566
0.7017347691924124
0.710350042653683
0.7385560807980511
0.8731580101925092
0.8529705941358301
1.023113822226021
0.6874673240270605
0.790717126078117
0.7277895230256725
0.8209293359440614
0.6909076741467041
0.796842432489301
0.8813168279860536
0.7226997201289548
0.9500360672711631
0.8785505981429925
0.7239292882025679
0.7044216906113179
0.6994469058749297
0.8424806682525877
0.8482787865306283
0.7008924180083903
0.7533019160090836
0.7040839899506904
0.7036763425024947
0.920643854456322
0.7099784544667284
0.6956761441463939
0.687090889244519
0.8382130846210621
0.6809295101958674
0.868565466003583
0.7834313902523409
0.7192152909403364
0.7024088170095278
0.697130747137584
0.8539593041132403
0.8957869308061868
0.6715453140868198
0.8021241490519265
0.6737652583488007
0.7862497876547407
0.6888020333804765
0.8840689671509361
1.0721088732732607
0.8034999730187862
0.7058094179814124
0.7062572557975393
0.7696636493937852
0.7100048478499444
0.7857620048984316
0.6910928002445982
0.9992191506263641
0.8963616164406579
0.7084409037431532
0.72535867504931
0.7142073450747248
0.6950860498168436
0.6905753408613752
0.8155829481791518
0.7195048316974758
0.8693178960011702
0.7884905481413425
0.7088508049044714
0.7965137660574284
0.7023664875560981
0.6751538420623268
0.6950158958140223
0.7279011621959146
0.7769431674424949
0.6681968957061936
0.7950041761616753
0.6800517974493989
0.7744883035750442
0.7533163020447553
0.6815976780180049
0.8179803193849359
0.675669755055164
0.7228333137844779
0.7630864283908418
0.7746162274960926
0.7021079218338165
0.6876896642582763
0.7027327567644603
0.7271422071020973
0.7834313902523402
0.7098183959742703
0.7848325857163524
0.7145630001648103
0.6758067335402375
0.6933615147923695
0.6933205948093875
0.8577331965268511
0.6892353630559365
0.696653092136537
0.6833864188754981
0.7056190291933221
0.7127202772185812
0.7044216906113182
0.7663078299275058
0.695068000692405
0.6936734949835833
0.7545381085898232
0.7825753594247485
0.7809598989060668
0.6961300396810912
0.847241786764669
0.9291835912412424
0.6918621072087873
0.684887755042858
0.792245105607026
0.7220691156782576
0.7216425336599912
0.777750856124708
0.7127856499327263
0.733850814223971
0.7687623482525769
0.8892799785394858
0.6917663395328765
0.7105140304292843
0.8551894748494314
0.8559208047112401
0.6987330191970619
0.6923316001769602
0.8731580101925097
0.8534656412377893
0.7225836672811135
0.6912062699370345
0.8407505513211032
0.7196003579686759
0.6988492579245505
0.7073237053524631
0.7856316894097463
0.6911119534552652
0.8127661843075701
0.7517429548786596
0.8634508333444048
0.7156318649346953
0.6760126268244177
0.7765882718880589
0.7025344324947346
0.6925196656005564
0.6902615183995234
0.9277388024681178
0.684447241470488
0.7309871083316292
0.6875020249858027
0.8143059141807116
0.699845059355222
0.7828453881798788
0.8559208047112401
0.6806519828124056
0.8828917885941296
0.7161856044669574
0.7384424906023872
0.7109206789876257
0.8550231835353866
0.6806840682953152
0.6902481106582795
0.683496950486667
0.8419344206760359
0.712276629287066
0.8919408325435924
0.7958121653746345
0.7033625024189621
0.7919138662013846
0.6811155925909438
0.783040234746271
0.6852109385994444
0.7709234821511173
0.8543999783059241
0.7782012806502061
0.9514510687434812
0.7207759383363775
0.699741756587973
0.8191012057461781
0.712265006494715
0.725880242745105
0.8259144579393888
0.8833574009864065
0.7604406681965437
0.7134581157359767
0.6801661478503128
0.6902885966013597
0.7108486674785089
0.7180701162029807
0.7098132739549519
0.7427687522543425
0.7152592172696509
0.819101205746178
0.6787414293392736
0.7120974315703557
0.6891331292211036
0.6881282134443043
0.8467219536343445
0.7185388188874108
0.6961205583089617
0.7938145396308465
0.7008924180083902
0.7160042429676609
0.7763303029443019
0.7115599281096251
0.8593930244140217
0.6876896642582763
0.8583889077572703
0.7267461064345117
0.8346385065181451
0.8223748610142597
0.685965483432295
0.8628244179091973
0.7869943613311168
0.7014192902980785
0.7138036932954592
0.7184041088132334
0.782584924696656
0.6906682029981719
0.8134915182017346
0.6770013404082276
0.7299737034483565
0.6795635198891041
0.6849865130670387
0.6679604274784948
0.7251571887497573
0.6777498196301948
0.6924713873838579
0.6974996744885293
0.7299850888198365
0.6948949359146152
0.810393117825703
0.7036763425024954
0.7036763425024954
0.7156318649346957
0.7141808801176803
0.7015514337239747
0.7097318524705617
0.8096402345404254
0.6923650769619408
0.7007797877143974
0.6958700119503548
0.7740959972836589
0.6974508046961545
0.6827781116980316
0.7183709286106877
0.6890545553701957
0.9400856510538487
0.7611823623631288
0.7218132407936063
0.8486590820395956
0.8404224135998378
0.8560715530128313
0.8962091256305491
0.6898652167098127
0.8519477406396517
0.6926805260513418
0.7679270910736026
0.7149939304458688
0.8968762491946912
0.7049744622986505
0.6968685541868215
0.7528510387976513
0.7982782445503206
0.7249858057429156
0.6813017704120791
0.6930143704684796
0.6942690634299383
0.7112060391950734
0.8527524625168971
0.7129836814365279
0.7366791095820295
0.705586048293121
0.8016949049261239
0.7246659428307166
0.6950077846917408
0.6934595121237621
0.7744045481572678
0.7228380515520244
0.6781481617036502
0.6982662325866125
0.7110107268705416
0.939002099349557
0.7299737034483563
0.8120558946766936
1.0704438296730225
0.7000435383310275
0.817830614562654
0.8170271781689493
0.6961205583089622
0.8736283577889186
0.7862497876547406
0.7862497876547406
0.7249882187933299
0.6873831390656102
0.7684661064963795
0.7852379019629019
0.8120558946766941
0.7076603121511016
0.686531487496181
0.8315883389274805
0.7012841604210488
0.7181336550895404
0.6970981747099868
0.6916061946265301
0.8050047796498954
0.7898829961406636
0.7138889845047636
0.6950329278295267
0.78178367667147
0.7090065950452098
0.6874504147918011
0.8673584906523089
0.685888804458396
0.6884711797042201
0.8185700315414983
0.837001835791311
0.8467219536343445
0.6867287949323825
0.775282435041971
0.7103500426536824
0.696422002357088
0.7177344821524211
0.8471950305025315
0.6804619435453505
0.6825699166193938
0.8188599148120203
0.8031914693405742
0.7011708779684854
0.7361895615876359
0.8781328208508228
0.8050047796498955
0.7815323049344505
0.7009879641720862
0.687689664258276
0.7882775768168632
0.6929028277470177
0.7122763574993253
0.7205643165444875
0.7841930763769873
0.7307417208919847
0.775006341579412
0.7163817637867711
0.7049888681382188
0.705044017611049
0.7775328622604714
0.8823298469567438
0.9797045893290844
0.7320221924825987
0.7133045465422905
0.7213770929360142
0.6846862424635455
0.6720331184356199
0.7158442080074181
0.6869864147768846
0.8083374572605988
0.8202541349807586
0.7025416851601985
0.6762674590573805
0.7044736500527641
0.6823050606925031
0.8064403200775189
0.6746629317370426
0.7613792484439343
0.7043278511613998
0.6985763684887456
0.6919819935146554
0.6900405603983574
0.6854181334236388
0.6896573287931186
0.7833772699864282
0.7137438188880476
0.7804728292188732
0.6956598836144944
0.8149820168449777
0.8228343860844647
0.7448521159271467
0.6863359063528058
0.6801107093125243
0.6911822177177337
0.7368705632966928
0.680779644297498
0.7280547072477506
0.7185388188874106
0.7069610895539505
0.7830597601696262
0.675023628171719
0.7221856829347085
0.8432060678783243
0.6816455037095106
0.6918413859346002
0.8557004328443945
0.6936883688771275
0.7070909707034739
0.7076067180015359
0.6872991989883327
0.6904230122231174
0.9050889383822628
0.6971551883875449
0.7100126099145377
0.7069212787671498
0.718309190531956
0.8306406074679248
0.7543509212151128
0.7002537699616095
0.8650409204947773
0.8083972271558549
0.7528368354971149
0.8781328208508228
0.8603345023036888
0.7395490008102642
0.7083350857082641
0.700660963477405
0.8883368572963118
0.6703225470987497
0.7265107030752576
0.8634254200753814
0.7583438267952787
0.718255310014812
0.7769045470805498
0.7199274582402553
0.7745363059414884
0.7037378863118885
0.8070765272168707
0.8048467320748938
0.7687623482525768
0.8163916509565617
0.8377640645720417
0.9452142737218332
0.6926671526587052
0.7660846869475952
0.7017353543811319
0.7089729231643692
0.7134878355384764
0.7027792978840359
0.7540492409801588
0.7924464582188548
0.6678198305602088
0.7211032449845935
0.81565579097347
0.7486173266197104
0.7618351402671425
0.6902481106582794
1.044599712451004
0.7964824161545957
0.729540377938178
0.8612494483975282
0.6873409440679054
0.8236813261826404
0.7107869681332111
0.6932591623686227
0.7072393205788985
0.7106725681833823
0.8467967684782348
0.8510701831006519
0.7456102730436208
0.8828917885941292
0.7189780726708658
0.7172655014688221
0.7173874591529429
0.720230893877748
0.6761272186642809
0.8086522323384088
0.6978387463090197
0.690668202998172
0.7212188555291136
0.688722620321438
0.7772170041159595
0.8557004328443962
0.7239705670952626
0.6895980643795954
0.905183672582008
0.7265906044299947
0.8134026251221522
0.7260092828134047
0.6939685881686303
0.7230353845884137
0.7900702740130531
0.6755325931664493
0.8091289493912122
0.6899128838359161
0.7021261937177745
0.7977984631934558
0.7061010071707102
0.7225875149222345
0.7671031590875297
0.7856683413743597
0.7952932408607278
0.6864139093417452
0.8397044362939748
0.7102677685312428
0.7113666873797282
0.7763853531042018
0.6843292780564625
0.6898904281362724
0.7133067174646271
0.6787717690540729
1.0515009271079505
0.8531154511836762
0.7156320717450236
0.7752344435853922
0.7050711782678946
0.6891059004950413
0.7095317905837573
0.7250538287968864
0.7114249736274827
0.7057601123139683
0.7128956739381215
0.7124199427820674
0.7613792484439348
0.6898904281362722
0.745724552856749
0.8435314157117416
0.6908522925571288
0.7315463366851057
0.6921186701395693
0.7937000992549134
1.070443829673023
0.6749320985533186
0.7126895005804625
0.8018803634671303
0.6923011448793949
0.6975504938536428
0.7032421768091623
0.7022940009728208
0.6794838736729929
0.7543508611865635
0.7360199225562394
0.7102577732355825
0.8348691863095433
0.880269246710928
0.7022435786172375
0.827496079895344
0.7780003297466356
0.7304605857269053
0.7337992791896787
0.7163480190371553
0.8103931178257033
0.7977984631934564
0.6835681875571971
0.7525630062714572
0.702340322940956
0.7763309829207367
0.6921670673024569
0.6957851487884766
0.8868977193244589
0.8464357216783509
0.8378672032426441
0.7003189282979515
0.683290788159041
0.6957838698106751
0.6933615147923695
0.8412530397844612
0.7421750715308615
0.7057510975976627
0.8678858082528799
0.9088248359096631
0.7159040097471802
0.7173182789245388
0.8778972250042237
0.6906482733408852
0.8472417867646694
0.8704101292908446
0.6844252690077108
0.7246091229099038
0.7053251762365744
0.7086027040217211
0.8766055547974931
0.8063916773669768
0.8557609554612086
0.855975282165422
0.799884414839803
0.7124439543373858
0.8003588722211472
0.6749320985533185
0.7010007184747842
0.703536964699246
0.6796887734103289
0.7759015693815647
0.8241989097697834
0.8132876016166662
0.6850125526840367
0.8203307640492378
0.787993636282553
0.6792496500434371
0.6934595121237628
0.7199285479143065
0.765143388009679
0.6740787514615221
0.7378486896529071
0.8861214643790141
0.6933636420482779
0.7092236481707349
0.7859393770520197
0.8775724002709068
0.6996836721741739
0.6875419905708164
0.8881175084236896
0.6791919597116394
0.7868155365610684
0.7357229948582551
0.7046126207933788
0.6911718433846755
0.7127489205075312
0.7809297724337178
0.6785679054671977
0.8399474709784412
0.6817422774360749
0.8083972271558549
0.7022625779932798
0.6968597633568498
0.8455639471678746
0.8435720548908527
0.6921889846464812
0.8530229284017107
0.735367934274819
0.8536540890761483
0.8385263169295789
0.7695474867468012
0.6887746018088899
0.7046288926290664
0.7101571279815145
0.6719466274702371
0.6736284791636296
0.6867287949323828
0.7232807634242765
0.7556376313082578
0.7080132776054948
0.7133359481049191
0.7745413282914544
0.7362150226579214
0.7561117048744467
0.754540166906673
1.1625414286250317
0.7278001467413352
0.7130809023146002
0.8108437681381894
0.7923584935813365
0.9664067931927665
0.7233646725599621
0.7281022679538767
0.8241989097697843
0.7157645746151998
0.7048422233385756
0.8531939875507077
0.8588679956169912
0.7923086428254723
0.6953160033776264
0.6948928108875584
0.6936610360415331
0.6822779119257433
0.6729566238592087
0.709225162175357
0.7822807286519255
0.8261746090338152
0.6966521612203632
0.7072393205788985
0.7050178992348853
0.7113989407981732
0.7772170041159598
0.7311050937897547
0.7057601123139685
0.8103931178257037
0.7360529471184866
0.675284401454638
0.7095317905837573
0.8868977193244577
0.6836997578784414
0.7071109008202785
0.6904926419516253
0.6996957225023666
0.7345150737113588
1.070443829673023
0.8804188256886076
0.8155829481791527
0.731782458784558
0.6910139996848346
0.7720498870910121
0.6917485828804953
0.7058604540060647
0.680320883044138
0.8609589422398283
0.85716071360292
0.7157662188241625
0.957919471679491
0.8420565070643964
0.6891331292211038
0.6993305784939975
0.7016404753818485
0.7835270291004676
0.710057055353667
0.6921125325335733
0.7048524780533821
0.850061807507073
0.8677770638583088
0.7157866834558115
0.7644332201507417
0.7082210407291866
0.7158442080074185
0.7155029166698555
0.7230353845884129
0.8183722732985194
0.7026320851370027
0.8830970269038884
0.7009836102923426
0.688291017117481
0.7849944152641134
0.8828917885941308
0.7057510975976626
0.8387644743629316
0.6897565759744192
0.7372377821405061
0.7349152102957325
0.7222578565080019
0.6736330973876943
0.7460414782480749
0.734037872156738
0.7765344165190791
0.7439388132038633
0.7170653011641706
0.7008703227978362
0.8884849635298362
0.8161703554618658
0.8385263169295785
0.6731617217471891
0.717748796019597
0.8534656412377899
0.7123508113955968
0.6946208055225873
0.6834969504866666
0.7194782559109514
0.8797008956656623
0.7665425176501162
0.6879692119168351
0.6957241993660782
0.8799910787381461
0.699721995050396
0.7175447612240894
0.8661551069450958
0.7137482000840732
0.6948943046398124
0.7095049084112007
0.8609360219375486
0.8151292388246342
0.7947501026921643
0.8407505513211039
0.6814525062906152
0.8413631348097673
0.7244489417377675
0.6998012558366972
0.7750231520196663
0.7847212188789255
0.7053467241113895
0.705607695715158
0.6877451004041988
0.7124527774832611
0.7051032510476295
0.7817836766714702
0.7166470454792383
0.734541977230489
0.6927243924751713
0.7168105630159983
0.7744045481572667
0.6899317972440719
0.7124612354061615
0.6752495614947224
0.7094454562144733
0.7663398043769177
0.706341554866089
0.69846221870221
0.7147121299836859
0.8096402345404257
0.7869165624554968
0.8261746090338153
0.6917179057195056
0.6979981989724742
0.697514942421248
0.8155829481791528
0.6708585466582095
0.7815303754899198
0.6716186853379145
0.6914355269762916
0.7028121215536622
0.6690511722391557
0.7236096894903554
0.8236568804261192
0.7161856044669571
0.7340486976415649
0.7907171260781175
0.7151099347373253
0.8290479249345255
0.693650310229531
0.6903740489282512
0.7299507174731317
0.714941720943964
0.7138101664835843
0.79368574458664
0.7252885874601599
0.7616814048263489
0.7751909065029717
0.6833864188754972
0.6789889967810486
0.8544018172159219
0.6864517504206334
0.6850125526840368
0.7072393205788989
0.6805634692988307
0.7305926200721253
0.7144611729701874
0.6700792180166864
0.7467622911315502
0.7028737398473707
0.8896026870438529
0.7331360514497073
0.6741813317756369
0.824168431999164
0.7740959972836585
0.690070719947176
0.6685288833078248
0.7694163470163712
0.7304506860507222
0.796475083450648
0.8162368748624537
0.8202541349807586
0.8838018208392284
0.7044987140273224
0.805316504818836
0.6877128606714358
0.6950109205270938
0.6885396917662261
0.8165309693244666
0.7362506078152927
0.7059941034022552
0.8207606207224686
0.7061388257653075
0.8191586768023471
0.6951739008804202
0.8298354912538073
0.8345374938232054
0.6939216658831878
0.6792588052810591
0.7343720213257249
0.6942162697862805
0.710945735581939
0.6918993559074744
0.7657995211164347
0.7847212188789252
0.723183085493707
0.6752466617859177
0.6868881404253215
0.6749009436806818
0.6859870559989254
0.6720331184356197
0.781361736909748
0.777883370017469
0.7065293038474398
0.692301144879395
0.6908522925571291
0.8530229284017109
0.7309871083316293
0.7151762806343447
0.7747719390211935
0.8603345023036889
0.8385225648375583
0.759727519345585
0.7981085404585325
0.7245987904092009
0.7507274930240221
0.7084501752204743
0.7087460011651991
0.9579194716794908
0.7061833236243577
0.7689649999016291
0.7046896715994546
0.7267132593265351
0.70733170816038
0.7587261279114331
0.7825849246966573
0.7038150094565927
0.7367903057111632
0.7104158538073471
0.696312499536288
0.7143498283148353
0.8577312174079318
0.6850541313710724
0.7169431478100841
0.6858888044583963
0.6901128715890348
