0.9396304121432272
0.9044404309627636
0.9029798259548153
0.905735700023643
0.8938673166659769
0.8824780445869178
0.9014156217468353
0.8976002301756375
0.8508898726170243
0.9206662691938948
0.8419837121138779
0.9179188949306147
0.8640615066866073
0.8816816959965202
0.8922333278412036
0.8864813010013999
0.9820318314223063
0.8542847746710681
0.9088242119163582
0.8911735734085672
0.8690594060818491
0.8394280238126333
0.905977993372259
0.9309630105816608
0.8690919295582974
0.8379601023091396
0.8364774305570478
0.8813500413672425
0.8499418433094883
0.886352579229773
0.8966907590093375
0.8601185205743543
0.8913959872929014
0.9395541686551181
0.905216126119051
1.1165627774726539
0.8620329899560635
0.9357871327569537
0.9208510020514417
0.8769541209183652
1.0205209421606292
0.917276206730816
0.9781522873088649
0.949860365439387
0.859300201426391
0.8350184497723081
0.9214459676758616
0.8748619821823652
0.8339524899078394
0.8988345188247862
0.8497649171534595
0.9240910291139948
0.8562987427451733
0.8900900058988165
0.8945570973635136
0.9333334657861652
0.8510543852633242
0.8494467727083225
0.8801631033540468
0.8425674371716708
0.8358901970761553
0.9735245808161648
0.8574116845912081
0.9434204229984451
0.8613840233244465
0.8698299472397722
0.8745158238833127
0.9773473835125193
0.8585533436346385
0.8394019292046347
0.835365372359874
0.9521267414671993
0.9678065799683336
0.8361334580081542
0.843124945401854
0.8792717819698218
0.9497748469963534
0.9598765927553644
0.9893446310500226
0.8834117806357852
0.9001204082921789
0.844720938689384
0.9340709272508847
0.9529539825622444
0.8557872622426673
0.9195127793656915
0.9339228278900098
0.9586215154311573
0.8883040200844247
0.9048712509037402
0.9298361535648724
0.8435294654677938
0.9224707762091361
0.9358182820330291
0.8655625622626887
0.8925484403400568
0.8793760876840608
0.8518352251267063
0.8749172045135131
0.8965146109309071
1.0156006244182794
0.9109760060090122
0.8777302161419867
0.8589405162340062
0.9342520696852455
0.9335125982170481
0.8739361700637142
0.9281110277763384
0.9666462043960966
0.8623735894226574
0.9195893728724674
0.9202652965136888
0.8724760935386183
0.9865356234500713
0.9028374888009272
0.8588306935193971
0.8958853628595114
0.8522296234309011
0.8536555154039188
0.8348537120905909
1.0864862326879525
0.8876913855233459
0.8998289895836267
0.8781246547966473
0.924146566450806
0.9099411491713735
0.9519809113948597
0.8709841393699821
0.9041460452186162
0.8794087900422458
0.8688249933456955
0.8764398614514196
0.8387748200297037
0.8893224682632147
0.9709884260126141
0.8893592824754185
0.8850764491833434
0.9222178188641037
0.8348211783363502
0.970971569158208
0.9010411572354264
0.8400386373079102
0.9192958765707546
0.9135987899707619
1.032936160160913
1.0177782868401142
0.9300006330191882
0.9325103491405519
0.8667466771018975
0.8307945656364535
0.9266310329461662
0.9251508808173261
0.9481384997585287
0.8859647405206815
0.8324106109378011
0.8952357544887274
0.8536070474300744
0.8849155928991378
0.8959430192887136
0.8528350835362679
0.8793272296300894
0.8414097206629166
0.8396176747820734
0.9321590972530097
0.8972903706439237
0.8599023722039459
0.8489793689519594
0.974429976424134
0.8549800510234338
0.8891549409892855
0.9122645615389019
0.84575666944031
0.860470213955171
0.8777497743189571
0.8359373047807308
0.859617746239653
0.9818764326373607
0.9542941214828923
0.8891743476633283
0.9874876600469513
0.9854040148647568
0.8434131241844052
0.8821473565909311
0.8356416820780328
0.9517238332467114
0.8664434564622052
0.905536878235773
0.8709030781847167
0.8481733138651604
0.8703593298758525
0.9229222538624171
0.8679360067495151
0.962320710128861
0.8653870200523214
0.8635259395344191
0.8692435406254067
1.0016934511540894
0.8854914474284528
0.8838508231742428
0.8340040428825
0.8714437125361887
0.8785423916414691
0.8662291813318846
0.853453017048017
0.9855132316768564
0.8820053684758113
0.9043356230448025
0.9101236337375396
0.8749646999769403
0.9210496474072374
0.8905102793847136
0.9480601429329997
0.9087284245805892
0.8977076352798736
0.8814946601895082
0.8658268200048299
0.9421133351354438
0.8640422878586693
0.8602376960951427
0.8872193250515639
0.8887928218172642
0.9612286179793229
0.8291780791602378
0.8746299599741822
0.9072608469385933
0.913175488289239
0.8973293092958722
0.9535109005802891
0.8557958446783789
0.9235424417082617
0.9704839469876132
0.9162696160454606
1.0331674754707318
1.0439688291744837
0.9495798041428241
0.8976843104312536
0.9292362534633913
0.919312124864649
0.8633099392415942
1.043448539503151
0.8838379401826099
0.8886458559036977
0.8449795631845758
0.8906075148520368
0.9030553549649338
0.9495743419606575
0.9478634095015885
0.8438391426118376
0.9243702364511674
0.89115140488272
1.0213075586156164
0.8955599541816417
0.8753764655627584
0.849656092234346
0.8340456433753205
0.8737438408797334
0.9385504889489091
0.875922030991394
0.8838364943309098
0.8634104520027066
0.8905362232600609
0.9247342729456347
0.9602222532479543
0.8497088939581631
0.8709222393959499
0.8722541945488941
0.9397109490261513
0.8912300566949496
0.8724247417343366
0.9242259383229559
0.8965745174546392
0.8397534149266257
0.9758133598863812
0.9024835132586675
0.8610723139999417
0.9760482804900009
0.8597916484158684
0.8423249102335375
0.8794938190283681
0.8475252636944667
0.9791522662205173
1.022412828563953
0.9035613667257307
0.9565759893628866
0.9266441359489653
0.8746991149770845
0.8859803263160467
0.9086098460663717
0.9318453400110676
0.9089318105624297
0.9085133292568502
0.874863473472267
0.9838615790047579
0.8375637211472405
0.9363319195693272
0.9501510599862838
0.9818915273798823
0.9255613524037467
0.8816170011012111
0.9081604188667014
0.9686806474081407
0.8553573648626562
0.9302118808354412
0.8764650994705259
0.8910956211234071
0.9127765941119254
0.8877253351453797
0.9508537862745823
0.9452377691387935
0.9181125712567013
0.9053729460249323
0.8983888128794542
0.9127486123118423
0.8360339617974893
0.8798181424828116
0.9210467000417663
0.9001194955410489
0.9468108433475587
0.8299480301652566
0.9552568758691052
0.9796590094287756
0.883233036529562
0.8931201556562844
1.0673671879606634
0.9183764367639808
0.8734988132642497
0.8950848652768054
0.8636032837627925
0.9807021113039419
0.8971063540873181
0.8850358973893038
0.85470333262721
0.8667973114263116
0.84713163022592
0.8579774363269377
0.843757656821768
0.9016083066378471
0.8866801409417508
0.8925043073400226
0.8773962085963365
0.9024285223674668
0.8768445467864846
0.8652642028842732
0.9171239467252759
0.8691260198332639
0.8666426598681795
0.9641977570704736
0.9166703633370089
0.892623739454831
0.9231826890512899
0.9564996035144698
0.8356005765724183
0.9675051082622295
1.0829583832272303
0.8668216701860618
0.9635655661508767
0.9733902643762555
0.8445945309439007
0.8910945343260634
0.8956928371384597
1.044778965604248
0.9067664142805417
0.942283166757147
0.8557763288064371
0.8475256658667616
0.8595589413570891
0.935595183407723
0.8680801093727396
0.8889939517482928
0.8836516699780438
0.9002725661439723
0.8634374024305951
0.8600917882884841
0.972890897531406
0.9420260344996988
0.9258806269090403
0.8818246294459635
0.9494716819463122
0.9210611454464815
0.8835232111563925
0.9356582692728392
0.8842078973730001
0.961598002229621
0.9099674742240894
0.8313392846831952
0.9078237447671265
0.9009544450436091
0.8412661065459661
1.0264728316309832
0.8955239873251661
0.9327113015326011
0.9287564972784245
0.8577947134900004
0.8880566594978742
0.9914152659204738
0.8739971350149381
0.8479881587876236
0.884142788892398
0.8723691460667562
0.8502421799273688
0.8476407981263954
0.8952504623711177
0.9007358751790436
0.9129690362850396
0.8918093879284278
0.9032956351912799
0.8613904270615563
0.8956574498994572
0.8806947307987049
0.8320162683851248
0.8968138680938103
0.8910044207774929
0.8736703621783964
0.8828605773077998
0.8935539176454386
0.9536861794879432
0.9314975809595596
0.8784072884638364
0.9085105125299939
0.9141460503395079
0.9276967580504497
0.9858669408389074
1.0646549465841413
0.8594096343259995
0.87936727030134
0.8585366565507848
0.8861797504954643
0.9409979839787368
0.8844355369839044
0.9632361093601363
0.8315063669184177
0.9436496372121717
0.9028337126486912
0.9245052566549655
0.8880470678385641
0.9045584086133598
0.9574058380726755
0.8363725130837668
0.8709402277236419
0.8558318880746756
0.8708456539832777
0.9164344717110896
0.8404905749066945
0.8994283890817247
1.072299425602555
0.8848148409671535
0.8979046043159714
0.9451090633614139
0.8459472185419118
0.9112484206574183
0.916875451575561
0.9317207508581422
0.8778709529336127
0.9832295645588259
0.8653989331585208
0.9673301764788877
0.8951757711348823
0.837078252518395
0.9316213727159586
1.0355379311051602
0.8809173472931211
0.8883999460544212
0.8407836768620419
1.0473566771762655
0.8657217718118438
0.8299649253740168
0.8797845792487708
0.9068831005394279
0.9073634651335515
0.916715277669422
0.8405792843488104
0.9088187954031994
0.9148608114207503
0.9089348351512755
0.9437343743447462
0.9178048696559771
0.9116008012291131
0.8678422490652631
0.8601646145882761
0.8303521609673234
0.9018020836877321
0.9551761357425014
0.8641738615902184
0.9357221332750173
0.8291707976442029
0.8948097691226221
0.8594429965526175
0.8391712118007929
0.9624856649885751
0.8782025286476279
0.8994647540612517
0.866265628540361
0.9253601361560072
0.8275840309663538
0.8880908189579534
0.9235504835834902
0.8383908815284303
0.85988655791526
0.9537850862783543
0.9605889611380053
0.8558910779520645
0.9305458853085058
0.9980927214774071
0.8618541529856809
0.8698922242895437
0.9168835442997353
0.8490883372019862
0.9862640874254116
0.8295045520711951
0.9283317390714836
0.8854541421541096
0.8477036728168182
1.0369780651650975
0.9328148313937771
0.8644039723663897
0.9082963829061069
1.007735495933306
0.8745717199519696
0.9308522101861306
0.8583370555673087
0.9425212186067948
0.8827740781299981
0.9548425950631847
0.8748623224264983
0.8542336547374421
0.8994544885121748
0.9458219570600443
0.9294862514514631
0.8481449145649238
0.8504981591768438
0.8805102003678938
0.8738926417863321
0.862911445883282
0.9175783606977691
0.8325149186116195
0.9347946973073432
0.9258200351019179
0.8965428717652877
1.0057245631053287
0.8512987069512624
0.8569772653193468
0.9737418336986591
0.8577896773160287
1.0052882100795677
0.9242661261469107
0.9445254720718823
0.8711634538409029
0.8599212673354577
0.8451128120617014
0.8533031398827169
0.8868784087735109
0.861680882202303
0.8865848218645955
0.888465773815345
0.8916639538618412
0.9012496469300532
0.8683591959086243
0.8528459313833809
0.8491145120976187
0.8654220348711252
1.0047943555855139
0.9671383822013857
0.8902457206126463
0.8510781129333408
0.9474751824088192
0.8838415716295177
0.8329542772490571
0.8685212432675943
0.8755430981355783
0.9823946801150636
0.8882454739765504
0.8917357110679743
0.8334313109350976
0.8920847810967205
0.8871296531298782
0.8698104604703455
0.9092363211973428
0.8806910870557263
0.9458570368428059
0.8700611909518631
0.9946112291251633
0.8747932451918443
0.9139199859353326
0.890661299491105
0.8570459449624075
0.9319831017146456
0.8739288329881899
0.9092566522657828
0.8729472167317223
0.8569917985448581
0.8928800641432408
0.920124602895047
0.9421111219452298
0.9034411600889873
0.9064889460106142
0.982555386850868
0.9290208268255982
0.8821684213709527
0.880167454980976
0.9485092571797471
0.8323038918501838
0.9972453654861085
0.8863909965204844
0.9059293031932071
0.9383793677169011
0.9285359254451889
0.9536642681368458
0.8671078197694965
0.913023884999547
0.8489079144844499
0.920295892574256
0.9905940509459523
0.9524836363293286
0.878825525169686
0.8583459903049869
0.8392926010581468
0.8875642904496455
0.9433690664763635
0.8378342466833026
0.8814726565147823
0.9162392144890835
0.9428029755311156
0.8774704518120603
0.8837956748772107
0.8316868324449586
0.9688282729872217
0.9250429835443974
0.8652542160778303
0.8884342583426879
0.9747007216795925
0.8969339469398433
0.8850889924667339
0.9464834413116929
0.8837641261667054
0.8667346588472506
0.86805107292733
0.9215770481610963
0.8697681237064911
0.9022710494518105
0.9140637904087767
1.0112423156288113
0.88635225044324
0.8576485522324816
0.9282816943668799
0.8873972514305171
0.8749489298931065
0.8761271482322868
0.9539377710503423
0.9015337872221111
0.9473427596677683
0.8720614700277359
0.9409702669252474
0.899672097391838
0.8814993176837738
0.8504168052291339
0.8799577874306646
0.8453870888980921
0.8878039541834665
0.9094994484892539
0.9615948429294789
0.9395288427854471
0.994612198691941
0.8568850770914418
0.8904618932712212
0.9368631363100216
0.8658348378465835
0.9274935379758885
0.8596847707677927
0.9043154982053072
0.8316887279802437
0.8244154877151769
0.8476030018130619
1.0009635815034776
0.968862461345683
0.9128013864830276
0.8539699385923463
0.8293324891313866
1.0247599471706677
1.0007195561645512
0.9083325301670359
0.9030934916956493
0.8845942574328626
0.9074316691614325
0.8203883888512522
0.8530319545710552
0.9345958412320934
0.8628236306856524
0.8729347515034852
0.8773768028132791
0.832118317864784
0.8790476821205164
0.9519018741300964
0.9052279101769399
0.8778052183839722
0.8869528211161157
0.891722087288134
0.8523627326508812
0.9066707180152135
0.8846955015765151
0.9068090839709859
0.9104436301923732
0.8956595160640624
0.9014522047175366
0.907533959647072
0.8802137910407183
1.0105543465607594
0.8630219739287599
0.9078718098959557
0.9931146416271908
0.8634029515328864
0.9009110498965751
0.9238078308665174
0.893058003643215
0.8848364960569612
0.930113301508426
0.8819767712817201
0.897460507645333
0.8410628415263575
0.8692402720392814
0.8985337619751816
0.9489524938340339
0.8684603937240795
0.875036195734051
0.9036240497610762
0.8493732344008459
0.9051224532075435
0.8511163443446349
0.8535556449502649
0.9668566780980913
0.9242245962385537
0.8430944435136672
0.8529082116222213
0.8856965232221445
0.88850464578827
0.8959474707885784
1.01097354937236
0.9057195564059608
0.9070879540688879
0.9419072901140809
0.936054964635184
0.8824236590106619
0.9511200533041303
0.8911789610859805
0.8782011229934998
0.909923151001397
0.9260821688036487
0.8981610980485867
0.8768212051445782
0.863130780594351
0.8406314616699764
0.8319677087906358
0.9055524336135642
0.8599951523968493
0.913387509381726
0.9054067936307038
0.8692348274956574
0.8992256318821094
0.9037547081208279
0.8931748062407697
0.9263839019808081
1.0451785586004887
0.847175587774145
0.8690431366263667
1.0151487506769432
0.9424730426250993
0.8403180572495796
0.8354829973601332
0.9101013480804446
0.8624722469329448
0.9144802284366556
0.8722998631311163
0.8727709334190218
0.9016161614912358
0.8761487333176267
0.9078228172718865
1.016008236159589
0.9187256629314646
0.9206454210071763
0.8990532641812188
0.8608133951496243
0.980864430804404
0.8679339303546811
0.8568602746963779
0.9712671998600483
0.8996828647870895
0.8536208716369655
0.8866631966277833
0.8671629252018669
0.8921663742469085
0.8402228159740444
0.8695514754164625
0.9377589286349334
0.8387989470670092
0.8492020287932087
0.9842437264424051
0.892731293712426
0.8324134730555786
0.886279518556015
0.9478127579331233
0.8523673337992047
0.8876604560491274
0.9421157107778351
0.9292596569325752
0.8639629024284028
0.8718907304519805
0.8703045244857465
0.8779041976839415
0.8788186114869725
0.8842923528244738
0.8662173491568348
0.8549695257440195
0.8806203420185292
0.8826795973637446
0.8713346774483075
0.9161410069576003
0.854227756264996
0.864683881261335
0.8585879350872553
0.8821866766509147
0.9273087216595389
0.847328073863184
0.8336639472794962
0.8626790997285286
0.8639293485044485
0.8595344762425235
0.8542454406951909
0.8407818531294636
0.9131859771571089
1.0250133784934612
0.9009660926917648
0.901635790133812
0.8856222007326241
0.8874256515717333
0.8701670169302361
0.9035581239800922
0.8353770283209664
0.8768557727118017
1.004685582616361
0.9017583373025748
0.8606446125582486
0.9223338261367655
0.8850589219028152
0.9601410960218937
0.8382567855436013
0.8465042869683647
0.8925422253095017
0.9172370086498668
1.013972219517798
0.9052545656276137
0.8974375448334567
0.8924135808811219
0.8724292922224505
0.8468679319817326
0.9033743436450679
0.8635404892691582
0.8795169252438153
0.8869933527708191
0.9159431122974742
0.8885323520404019
0.9848450583140425
0.8853146230425988
0.896597938608936
0.8728158234296439
0.98330320385686
0.8884645884667545
0.91746317486612
0.8355827218006252
0.8625102570952009
0.869497655870991
0.8466946140639471
0.8655088611414357
0.8468436080423842
0.9337412749582903
0.8891991478076039
0.9775348329683103
0.9571637143024837
0.8619914876077484
0.8506447337430019
0.8597591218155698
0.9132779905837012
0.8388577651361646
0.8426598473030027
0.8859315988093999
0.847264285089659
0.8569880897391308
0.9294011326620814
0.9230600786563526
0.8461741991661479
0.8798753660075121
0.9071053967370875
0.8798490190863667
0.8299387836091671
0.8354409131582701
0.8906550120449538
0.9349905670762391
0.9394035529475979
0.85021038898592
0.8906889830468702
0.8424961457176237
0.8797001326923187
0.8369243215058028
0.9246209088362353
0.9266086954419499
0.9739489592411673
0.9377580770623477
0.8969438401480233
0.8658161918115861
0.8433164789128356
0.8390307899733518
0.9823598012299254
0.8713081943818303
0.9783213066547667
0.8650433293169669
0.9142002662235517
0.9772175590124962
0.9431364313961507
0.8417037287998603
0.8809068161572158
0.8618595205114317
0.869936788925301
0.8863893946540825
0.9450613057402059
0.975246529038072
0.8610639848482879
0.8381341699261015
0.9906209236693668
0.890384059268569
0.9152764306315483
0.9837312667065022
0.9229799838463328
0.8930600186462425
0.9579047183403072
0.870020936625048
0.8808059351341437
0.8984774418259286
0.8786890928426918
0.8895603111741016
0.9633244315351999
0.8409990517690711
0.8951244193619251
0.9272733588371126
0.8891470862667624
0.8497720548309478
0.89021239871285
0.8745784617669571
0.8862920126479412
0.8310721951544026
0.989134254427656
0.8698826801071075
0.8236390535185653
0.9682312510702268
0.9288396395365183
0.9095978257556866
0.8409326734340744
0.9687107300126102
0.9318301416476927
0.9605656728306358
0.8968485782249613
0.9022603260442622
1.037604323164508
0.916040933125973
0.8826660884553397
0.8451327292278675
0.8644792330489
0.8535131707079795
0.8942939160330969
0.8626644890628347
1.0076825346822313
0.9590760794701297
0.887593054803585
0.8452039672873096
0.866204199252791
0.9317814090231893
0.8847581867574726
0.8907114932133827
0.8855927121002966
0.8527260720007538
0.8570280496335697
0.9848396419339156
0.900440399077653
0.8475620749418928
0.878002998310378
0.9009605067520332
0.8224823219617332
0.9191261005703034
0.84276826074394
0.931523108916544
0.9131828942200283
0.8777135222299851
0.8907885872942659
0.8596106586044753
0.8942850797112428
0.9075117542443867
0.8837931255994299
0.9236979423800529
0.976830412204022
0.8648250098406394
0.8806421499923291
0.9739489401229701
0.8365799527780523
0.8459425179924334
0.9617039209971063
0.9901427705779053
0.9331889877961126
0.8312011609823116
0.8593455220217195
0.8509797651499023
0.8503885349812547
0.9687070509965928
0.9227958060547898
0.8608630084441181
0.9364386974330595
0.8771342496662157
0.8668980303399887
0.9892436508836148
0.9237975108068548
0.8785640266586617
0.9691212761762061
0.920545459449144
0.8439642340361729
0.8802154792036305
0.8496248557935835
0.8808471518048425
0.9449605874254517
0.9668978687974237
0.92133159714726
0.8889660286046116
0.9782568241772696
0.8307652466402473
0.860733066684361
0.8680646964245
0.9361491850780331
0.8860217737156127
0.871354708048612
0.869758546620452
0.9144270999852361
0.8493949208604378
0.8387730029181388
0.9457345509286782
0.8475089991838866
0.9385246281148695
0.9039332294528238
0.8725624429667477
0.8950916349776741
0.8807639373745326
0.9139117990683414
0.8666030079621667
0.8571114844327301
0.9636925636002265
0.8745514105281478
0.8768584303612742
0.926022881204512
0.8903904569982196
1.0097989945203765
0.9085288141225875
0.874915105870605
0.8635700234857867
0.9004303733937631
0.8806335335039636
0.8850632283010944
0.8688706609245729
0.8956005592086156
0.8929433635150916
0.9294984174823515
0.8956993668082014
0.8562939132489781
0.8248257155344366
0.8725288052145698
0.8602775703892775
0.8733794901569178
0.8831023215346183
1.0241417347347568
1.0548953596808333
0.9478541596634161
0.908107313323243
0.9262077737833888
0.9639856144352663
0.8590459908256918
0.9111766015904391
0.8379238881396984
0.945812700281518
0.9228359304109405
0.9187117926801948
0.8799869114861805
0.8921987664845816
0.8386783567552565
0.9186781016291383
0.9237270730697903
0.8770971952834561
0.8890009206867018
0.8362229856571101
0.8558817667253803
0.9146901479287043
0.8867657604952053
0.940825367201212
0.9005091398787376
0.929978901335979
0.9038571114965511
0.871931449426564
0.8863336064672099
0.8928922783460079
0.8531664539800013
0.836933889045034
0.8750189048190191
0.9148798041089453
0.9208472802249583
0.9364242015236968
0.9608626133812364
0.9305410725823581
0.8792658627513638
0.8884676198859117
0.850211361668663
0.884432215994354
0.88397349883237
0.8434140594001909
0.8677240060904228
0.8465101024954301
0.9421158436685826
0.8874648604824765
0.91034689671523
0.901820549333007
0.8527089345746858
0.91047325709485
0.9153215619080387
0.8444028317618703
1.002619605108387
0.9550385719351612
0.9528947688584717
0.8894708841147678
0.8337360429129225
0.9062728998545165
0.9968125662586522
0.8822213969548204
0.9017108942581258
0.840785169343134
0.8479560675470661
0.8641525890305474
0.9397685411543627
0.8887442816026616
0.9345520395780216
0.8518505729319387
0.9322373309327692
0.8476917296847744
0.8783925087876784
0.9073639848865118
0.8809355282073469
0.9113080942499258
0.8617831420656497
0.8868042852394941
0.8612136314720653
0.8210961694278397
0.9352292686381355
0.8933368043653218
0.9473171794972863
0.9296066084228978
0.8890590464342575
0.9040079790982658
0.845458289956959
0.8789257563283632
0.9236229852640293
0.8491979943677372
0.8984056312687967
0.8769603785287804
0.8984176046953248
0.9001961300222849
0.8771460263530217
0.8809200777538827
0.9556400627490195
0.8290800691544306
0.8714587912006725
0.8697224909359227
0.8779148757156194
0.8695749188810437
0.8721495354417306
0.9884800676177585
0.9173531049807109
0.8899695859845719
0.8853206249286804
1.0125013974242114
0.9162560615108895
0.856663411836209
0.8917501870533422
0.9573958590574547
0.8654177320017393
0.8770002652256504
0.9161503970379544
0.8993381884211088
0.9973249593294897
0.8599536335307165
0.9396296308549231
0.9548846546097655
0.8869255929263372
0.8461495350234502
0.9507017734688554
0.9503284846985118
0.9437919917003247
0.8821335828443632
0.9605920725190832
0.9229205918946317
0.8796759901095851
0.8744195271319765
0.9573123849390347
0.8265742442747571
0.9147117157380815
0.9788348630215827
0.8882082925208623
0.8268276903754809
1.0564684096274
1.0009391970877033
0.8593833599618858
0.8741061595677408
0.8657907130919283
0.960928504459412
1.0009285150889446
0.8518115774458854
0.9018798756817046
0.9169081949277805
0.9368911099827585
0.8554697631203871
0.9327871346680895
0.9364483014832393
0.8803330429302993
0.8735805218784441
0.8561521246640283
0.8725454059844442
0.8510428856284955
0.8499010807201929
0.9333127980966803
0.9144709256310585
0.9069106219520385
0.9114125183333
0.8483172295390662
0.8925987104818383
0.9040882437594431
0.8516514725663668
0.8819350975891647
0.9240871671723817
0.9361392668048074
0.8247551847120047
0.9077588928013477
0.8453707963576422
0.8506515440482537
0.8929876862362321
0.8260462690649661
0.8924393570241064
0.8968229152550369
0.9371392384266696
0.8578313786528295
0.9270545076740162
0.8707734891764167
0.903755759315428
0.8714539675157582
1.0160235416046655
0.8767428667875996
0.8751946143796904
0.8864901777832869
0.9019750817099541
0.8431936407405434
0.9061147598447189
0.8525300742882054
0.8273454263002619
0.9173931320339151
0.871004474167772
0.8998399712185096
0.8905097990797815
0.9257261546160771
0.8450565956426564
0.8751721893258797
0.8354333776202426
0.9423627646023227
0.9235369072056989
0.8991344154124434
0.8399738121538131
0.8900924899414311
0.9183799868638953
0.9105906208029877
0.8773590986974104
0.8836451080444073
0.8326378886156078
0.8323718662751595
0.851238680818359
0.8950873839684134
0.8927408630606
0.860821703332627
0.9036998317822673
0.887107035177847
0.9078426287445217
0.8999380640445802
0.8520758875657474
1.0037197965697335
0.8786212127955368
0.9056823061456007
0.8935077354396774
0.8853883164029044
0.8560488652021038
0.9179821957525546
0.9220741913785204
0.8715913738037832
0.8207181811711426
0.8878735203710372
0.9183538062440463
0.8921010937754337
0.8563533885362049
0.8332517076329751
0.8357269607405752
0.9676728472493419
0.888068946087725
0.9082608870532617
0.880564295399687
0.9365617165816892
0.8612908796765558
0.9121936417822504
0.9376948196930402
0.9286756391543289
0.8499706848239758
0.8444743582416657
0.8697468556664313
0.9203556909314502
0.8839169858796652
0.8951652437872643
0.8430840478189627
0.9782616797767776
0.9606112943745548
0.9623008129545844
0.8872589734562502
0.9106572802107528
1.0087896914171017
0.928302536836416
0.8983924074625269
0.8693099735913915
0.9287031497637086
0.90187733848709
0.9532945184848529
0.8418253393912231
1.0133635089058013
0.8984436722167616
0.8894537327656783
0.8605161343147347
0.8990979220949842
0.902620347011912
0.928772854557863
0.8820830459584349
0.9090662777658756
0.885458844400045
0.8528458295360529
0.8774816156029563
0.8449831768052084
0.8947090000874003
0.9085637763095361
0.8649379107021743
0.8883064822196115
0.8635624645798511
0.9081336298547146
0.906365166124287
0.8672603590393767
1.0730631421407328
0.8979053250957786
0.8629595726644806
0.914771553225306
0.8905955190242971
0.8654997768290374
0.8903464326905016
0.9121064318782418
0.8556198250465719
0.8275262733488407
1.0428698032354968
0.8505856331828496
0.9086812397917633
0.8560627369596665
0.8833231020039372
0.9302109222504573
0.8827801866261616
0.9578881299882681
0.8935626592281806
0.86867988536931
0.9093157846137647
0.886142335323516
0.8706198618461389
0.9960434160691017
0.865253155182146
0.9036497728404327
0.9713506323932771
0.8988482779813715
0.9055573996900783
1.0068479913391957
0.8746903739554542
0.8373096278423078
0.9248957334025042
0.8746939888931853
0.9660380319830582
0.9030690540673119
0.8703819006882196
0.876135778792048
0.966796863437075
0.8448381627654846
0.8946499321797763
0.9538059727062735
0.9070547099568813
0.8883508384461415
0.9048843643647174
