0.8701186418636585
0.9123626096475617
0.8072160751101697
0.8902823327745374
0.8396516729469762
0.9440064507070175
0.8733855648299996
0.9057983685348525
0.7948520106528917
0.920545443130123
0.7891959276518755
0.8657212692257871
0.7744842207900661
0.8851562572867994
0.8795206955256707
0.7753570262616414
0.7768606113440651
0.7857962527263946
0.9558449477227752
0.787172592775186
0.787584295646411
0.8800647794663586
0.8104251058838822
0.837502384881787
0.7784925754951565
0.8972823897251315
0.8578759955384385
0.7893135798619793
0.8312189451080457
0.801314075169683
0.8259170946491379
0.9354648764179045
0.8490688141235547
0.8629590650388212
0.8377712492788456
0.7884982336665346
0.7943630140762673
0.7647220138127355
0.8410195577780818
0.8007824153770381
0.8344069874926004
0.8755715959114516
0.8205151770019274
0.8402869020342393
0.7877151603102739
0.8621511922786596
0.8234289027622868
0.8277161660374438
0.8349897688107931
0.8313194455032288
0.7964382559647623
0.8657289189033547
0.9159788310713772
0.8056032386968478
0.7938613482965529
0.7997629643568293
0.8949849124564749
0.8179896967465843
0.8021231096694286
0.781782346919517
0.8631604482311669
0.8312310111681898
0.894716744165764
0.7862750793383999
0.8187390820537827
0.8513092740550336
0.8556100129210072
0.7863352155446347
0.8084627701336957
0.8136279217582113
0.8834818718645179
0.976239277434801
0.7800201221271298
0.8265297236894023
0.8817529498936888
0.8747621129122188
1.0322696861608884
0.997877222586147
0.8833018269146293
0.8392006184143481
0.7749850935326563
0.8164084375296372
0.8046869687555932
0.823685293435753
0.8701753286435266
0.8153160191522714
0.8568507061567145
0.7645378845077271
0.7944407226151177
0.7862911676361862
0.8632527568827292
0.8026007486690528
0.826517471745571
0.8715017285871268
0.8897517277319525
0.8027519825951412
0.8779560227263986
0.9016380863011012
0.8031744382506927
0.7810577050992719
0.8048677141257807
0.8766363429919304
0.8117972061978825
0.896886761183546
0.8542010755297209
0.8809353054334783
0.8032070200899356
0.847102328232972
0.8832965177902066
0.8511945563782772
0.8948113827156562
0.8072067369796946
0.9808743693019933
0.8844678501338826
0.8530911916477292
0.8176190056109436
0.8223458588205852
0.8917235418754068
0.8656239083186907
0.7841924128446751
0.8496120119720761
0.8729861850182958
0.7932313045981827
0.8107907049318992
0.8130384870489258
0.8174294242444065
0.7952863626661663
0.8421061663323456
0.8520475382646217
0.7813471020871232
0.9046001510377613
0.8326786430313312
0.8299780583457131
0.8136769513988348
0.8853830395962501
0.7883521707591049
0.7832110276468283
0.7940155425248878
0.7766157294922675
0.788654518436883
0.8388771441934719
0.8742505999056625
0.8285364441148281
0.8855719616529398
0.7960760698472692
0.7736013816327172
0.8285289683550717
0.8044877364288796
0.843768370171818
0.8344468539013805
0.8358771967547274
0.8285806785820259
0.9565675968772637
0.8622808593041198
0.9390823817760633
0.8037518342025907
0.7916759045245604
0.9137937670862903
0.8591793728966038
0.7652228506205371
0.7883208164393573
0.8289265773749571
0.7753560468261622
0.8918568003453651
0.7656535838508962
0.8344426717908207
0.7889410444756657
0.8727621997206213
0.8758803178670089
0.8667914592856466
0.9746693672557855
0.7653596360456113
0.8285250738642703
0.7979712945056394
0.8071560885650483
0.7959800917203945
0.7784682504635044
0.8741130473625525
0.8019443089536273
0.8848522038933506
0.8278476884694902
0.8014469230324428
0.8045340481963739
0.952136332168859
0.874554292573154
0.7936351006186743
0.8702868194738042
0.8070010290488889
0.8492781549353233
0.8692778907316677
0.7676872877910672
0.8939232419359187
1.0245506852525488
0.7964790369044765
0.7751227815271584
0.9226729726293343
0.9267741110084204
0.8376883521445472
0.762973808487128
0.8755654863388559
0.8160563770969833
0.7946348495281068
0.8840814313911747
0.8582674794427406
0.8293315445543966
0.8732005576952554
0.8020130321353846
0.878875610789182
0.8547153705983425
0.8182014035937386
0.8428461817534921
0.8988960764276531
0.8930939102408783
0.8294017067396887
0.7861146078919105
0.7963479783030069
0.8875132351509311
0.7849484278327364
0.782712061636495
0.815024560391498
0.7889030095035948
0.8310124637332121
0.7709510942438134
0.7913455235839872
0.9105655601886701
0.802208012426369
0.8458162434159566
0.8416934739814116
0.9111725430234024
0.8526295658198492
0.9103015800737037
0.8438346868426023
0.771828272580491
0.8055356269077218
0.8209296898165142
0.8070628404170963
0.7836385319605053
0.7888372620379984
0.8798224395868081
0.8908936561583218
0.8107800939196247
0.9589405761403992
0.8777192852430076
0.83620485241812
0.7903257951412752
0.8056576700633071
0.7699997726510923
0.8925776679881471
0.7949223909951563
0.9099839864306178
0.8766934857693303
0.9118027876823133
0.9263199011034031
0.8214418656868832
0.8263776735466427
0.9222992018030789
0.7753170360507655
0.7708952165541537
0.8908459015879521
0.7995350399585791
0.7889384488705184
0.8398416915006549
0.9224070720247276
0.9525526139709773
0.819159159423695
0.8355872506207519
0.7994925075393408
0.8321245937097614
0.8744269885185363
0.8171877355612236
0.8950717369557709
0.765252076428468
0.7997768571300387
0.775443856895647
0.8412145882527273
0.9943662507381735
0.8842196973515977
0.801880869638959
0.7745433340029212
0.8680694687134338
0.8507361932292551
0.886044543401213
0.7791353873445876
0.7674185117028588
0.9305196332352642
0.9309222691759377
0.7815922084988024
0.7897224950394703
0.7711216614463984
0.8628649483271205
0.8550333996197721
0.9408438851538664
0.8385137757133833
0.8297818665644054
1.02903211089374
0.9856447358645386
0.7867204533316644
0.8782526380629035
0.9388693056285169
0.8588835618774474
0.8205670545233679
0.789654336491537
0.916918226792574
0.7946338873261692
0.7894038286021091
0.852705449854462
0.7793748096879642
0.9066205986561973
0.8594009563742832
0.7923846016890183
0.777996710497829
0.8351284542446759
0.8495617544097918
0.8458250537890318
0.7925453159191228
0.9900706025577944
0.9200782420805133
0.7740665400603012
0.8052219740968807
0.8502720205670773
0.8014829615984485
0.8677464598475219
0.8041698236149436
0.8599484779306885
0.8245336240913599
0.9294405899029444
0.8026481252109695
0.8342557319684577
0.8623407180773955
0.9003143534395515
0.8174155515268353
0.7986425107664116
0.8107790611622746
0.8000173272879832
0.8346456248258687
0.8575308747922381
0.89375143662542
0.8369875944766586
0.7591335192716528
1.0042433607810564
0.8510692102592379
0.8224245624118879
0.8650327300564065
0.7967430681690079
0.8686431343858072
0.786536634635398
0.8352002098450862
0.859661042840874
0.7991142930722316
0.780812285990299
0.8657404361859152
0.8491352689639244
0.9696464055080029
0.8702074601296769
0.8617550061693737
0.8668637319525013
1.1870907231091319
0.8725224516149487
0.7736770151751062
0.842359087351588
0.8081657197617851
0.8588447384686563
0.9591151439398733
0.847950673047623
0.7884678431201573
0.8148959971551544
0.7843321687084286
0.7768871225279365
0.7913364875971542
0.8608171555418709
0.8085677796742852
0.836434663630091
0.8371827460417589
0.8714884003963221
0.7893998545064524
1.0045901392413121
0.8609898790075566
0.8563635509467662
0.885063204807475
0.8751832147763722
0.880835295814117
0.8280017817394963
0.7804502429012978
0.8678868018595022
0.942601360221327
0.8097154185687994
0.7738042278733717
0.8185063597534914
0.8450233344243367
0.8055905768993562
0.8769664555326007
0.8935586521421724
0.8148176922032868
0.7993819197874646
0.956090687224154
0.7741473393276909
0.8333474656892425
0.8969153555173068
0.7814470101851113
0.8167248863022128
0.8410174904851047
0.7792555874166693
0.8426586322186344
0.8238429615774787
0.8949755066811562
0.8995140627909347
0.788869102281258
0.8195965598989277
0.8603175453853178
0.8847905518804634
0.8047305287190105
0.9275969556607477
0.7910420947913513
0.8459990825921203
0.8633973542075096
1.026749516475571
0.7863863733511182
0.864073581197211
0.929634292842183
0.7942282194061826
0.7717767006626373
0.831769281446599
0.8836526920626492
0.8362977432860937
0.7816024166778682
0.7978720113187848
0.7833374453208924
0.8566997226142962
0.8581819996617578
0.8127210201035665
0.7870201842908789
0.8410844830157769
0.8443658910920906
0.8595733761618206
0.9260838545144782
0.9706203911773437
0.8084606507680648
0.7813482126846865
0.8314920453327456
0.8492972579528566
0.8418334183333168
0.8514157154167707
0.793906455439385
0.8753076674116843
0.8349490433701342
0.7979018853584857
0.8974441007556098
0.7834851620884891
0.8299775865086403
0.7879601994219271
0.7951947257580548
0.903377315206044
0.7841401460695878
0.8355018843458413
0.8335943394558811
0.8065180134701605
0.9145595554625875
0.8985002219858718
0.8014812651781437
0.7761801216576466
0.8972359036872086
0.9797588978833637
0.7849670203441783
0.894599394482361
0.8562359865478208
0.7882416444063103
0.9151826042065594
0.7824276172079172
0.8117660721750123
0.810080906434092
0.7981491087139205
0.8988067898820528
0.7859479874467898
0.9056145451528108
0.8368392156199753
0.8808593899944898
0.8665221509870973
0.7737165502346247
0.8368259017855892
0.8368599515031194
0.8695175910623638
0.9953380228020516
0.8585488407885516
0.8158843686412023
0.82982495575964
0.9861778665610582
0.8028616088889025
0.8793594883051237
0.882718699968847
0.8265512189546171
0.8430173708156936
0.8408192210158025
0.8103354226904346
0.831423156103098
0.7993118354281843
0.8356809904001137
0.7834674138096583
0.7663534428157716
0.8681656689760184
0.8725259142880532
0.951772667515849
0.8759729288876295
0.835742750746641
0.8263942474600856
0.8416097833198091
0.7976444696477796
0.8940450012513582
0.903752617764509
0.8557462742603451
0.8949848805698964
0.7966993174643121
0.7947268652653783
0.8332873081259409
0.779640141568653
0.7800844610434597
0.899358893147417
0.8756106347030547
0.7985658347458455
0.7919640487013769
0.8472395627797754
0.8125933194648275
0.842255114654275
0.9633813077813994
0.7903339697191727
0.8712691390406452
0.837658681922944
0.7866188305582904
0.8026784407700766
0.9115251943335029
0.907775439660854
0.9792345563017825
0.8944830307001908
0.8116879052080113
0.8632191734337433
0.8114528151849406
0.799073325297058
0.777891578980577
0.8142578181214967
0.8776287099350168
0.8561617748422663
0.8310236927534039
0.7930404005640205
0.8516543857294058
0.8676694831602282
0.797962486510894
0.865782091638368
0.8426813079679613
0.818783785710934
0.8293610928041552
0.9135832121043488
0.9365006937085628
0.8590387077410181
0.8008906359998654
0.8112020397513252
0.7764948357741496
0.8659118708956207
0.8256987163934529
0.789786283322813
0.8183050202316977
0.8401624117446334
1.0828227751056858
0.7846809131153869
0.8523913461117768
0.7746965955430368
0.9771593989480751
0.7818445455179875
0.8391071809751013
0.8335399051714489
0.8976011804734195
0.8324468981717505
0.8119325876118323
0.8196755034622222
0.7957915250449991
0.7775303978561768
0.8231141898277962
0.9436587026690103
0.7875212228251737
0.7889796959941613
0.7880986158172781
0.8029179547149624
0.8270524963967659
0.7958261704475008
0.9243927903412141
0.7956500153904688
0.8630299320692916
0.889594273836354
0.778241484548392
0.8865446702704246
0.8026205042399533
0.7868107500179304
0.7775826199242931
0.9011233471048772
0.799959915701809
0.8347985173933347
0.8804246104435894
0.8173876323270627
0.8938451100017326
0.8845434373442387
0.8011467259060452
0.7895067121958076
0.8296726911484916
0.7678325326092419
0.8915213436742518
0.8557627688581904
0.8544137378453176
0.7927701914481293
0.822252169722226
0.8441605370660707
0.9308594011079167
0.863541011872567
0.800847818877548
0.8290765092153676
0.8141674228832801
0.8043092045007469
0.8042640811326945
0.8633010116469488
0.8779387305614156
0.860202286323512
0.8876296438731041
0.8681100829330091
0.7598532049122294
0.778138482684868
0.8397974781783639
0.9183319124930938
0.7736515989184131
0.8530596203409349
0.9514314580421395
0.7753800658137682
0.8638495440026291
0.8561498959039188
0.7912268220535077
0.8408119865624962
0.8605568176408832
0.8167364281047084
0.8894502396106977
0.8639687269500861
0.8848290514261814
0.8008763736837977
0.7964709328635343
0.7911797946810075
0.8584045673337896
0.7869784690006633
0.8491837682671179
0.83585402103792
0.84399589492051
0.8930506497412847
0.8088374113813779
0.7813227711384416
0.8076308528365662
0.8233532215235059
0.910672500383381
0.8637973452790024
0.8878350210381779
0.7895234619490566
0.8117682366804946
0.8361638062826185
0.8092431952976519
0.8464357887994163
0.8673689521984127
0.9988147943418278
0.8841826577003453
0.8093067077643026
0.7687152971283124
0.7871813992583087
0.8186765640908332
0.8264341556526321
0.7870129560221959
0.8120381137559628
0.8359142748307508
0.9001570859430469
0.8696335147724271
0.8327607925694175
0.8500136990848803
0.8196638335410439
0.820314098592738
0.8561403265876398
0.7950878999939558
0.8690131974348532
0.8102076206866595
1.0128367970280299
0.8475800182339605
0.9281522430557431
0.8269887181004436
0.8125564137045591
0.8462581896036258
0.8234929199309627
0.8078692356335448
0.784524159310794
0.9326766181692608
0.8962959267084589
0.9169219433338908
0.8304977545060904
0.8146478829002413
0.879148959060672
0.8459161045954829
0.9269628254280751
0.874715739587017
0.7773014534577882
0.9088128561737369
0.866150675022452
0.8817304442576215
0.8783620535437402
0.8573612272710708
0.8186999007293436
0.8420588362468676
0.8445753642050235
0.8764629892053769
0.7802065795850278
0.9158934140713693
0.8160100748380065
1.0019221979563224
0.8044250025252794
0.8131536347601348
0.8234508131008218
0.8421169246041788
0.8700979291210728
0.79785026966513
0.8544968148824035
0.8766960838820924
0.8683473102421039
0.8603885725478241
0.8397808481617929
0.9037542809906407
0.8175142819853728
0.8409274542524982
0.8877995809169946
0.8918546198783558
0.8435921943580397
0.8244067088619337
0.8746341751123698
0.9716090087760116
0.7968989860271127
0.8535054668674732
0.8453180379275269
0.8552863647386275
0.9371031476002053
0.8709675533214535
0.8008731692110251
0.8280381884534213
0.8344443477758361
0.878318014316096
0.8222777700641222
0.7891887474375197
0.8634312870627248
0.855684779379485
0.8372514505559647
0.8376581691403592
0.8695291501111405
0.8712012205965621
0.7783684048914056
0.7898128674765169
0.7932775430885686
0.7688910107089336
0.8078244426168488
0.837409307065522
0.815990457609189
0.8502118677913754
0.8496982344948876
0.7680727638537386
0.8038884440394155
0.7785506916516461
0.87354535756611
0.7954845310129394
0.8806064761672653
0.8583734124233244
0.8415475549281393
0.8061592344356827
0.7966523762239861
0.8342120270634069
0.8283630265645524
0.833411653561265
0.8140408372730853
0.820945171970472
0.7869072681725328
0.864675886872921
0.7939509748483424
0.820086791829002
0.7787298459812368
0.8817571186708234
0.8918195422334892
0.772931493751549
0.8568334685633011
0.807382963333509
0.8946116654634663
1.0092205026013832
0.788060461010211
0.8040280460325525
0.8510576167121979
0.7750599095774751
0.8858057187547266
0.8792665314512011
0.9027436721819586
0.9569751860919805
0.8388348944666184
0.8553423202387012
0.9055110119318596
0.7834850324986322
0.794164470265046
0.8882739608474587
1.0004941226071171
0.7977835169680929
0.7941390071572398
0.8426002908297716
0.8285174423771214
0.8664541844485182
0.8306823090079293
0.8572186258158853
0.8617391795388404
0.881768834170238
0.8214084432533866
0.7889985551650903
0.7719542191441116
0.885301135817092
0.8700034541704389
0.8407200985768787
0.7862964255230755
0.814483034348423
0.8196127163568009
0.8459675275823919
0.8388866955084692
0.7684043935930408
0.7850627414768258
0.7849762889469005
0.9239122974573941
0.8170380120591331
0.8106007566844728
0.8062763701049421
0.8994448967778709
0.8202133325133635
0.858232790472518
0.8822283949006261
0.8683314524701615
0.9000648302191652
0.9133255540624524
0.8487339796522414
0.8230536929975573
0.868255410651464
0.777244460723194
0.8621874647516327
0.7971070030170216
0.8070469690795139
0.7752926939819927
0.8742763105951988
0.8069825484995142
0.7843224283724097
0.8256376785524976
0.8148070610532767
0.8560202707093889
0.9372641594239056
0.7899454516369117
0.889741656131493
0.8909113016559603
0.909619096375815
0.8238194199837716
0.8172808963710296
0.8568099548276555
0.8767416240277253
0.784510911464702
0.884630460337216
0.8503246542108427
0.8211368360656998
0.8205130794463515
0.843786336504011
0.8349700214724688
0.9883695972721516
0.8852076178577881
0.8072642484890131
0.9455163780063638
0.7892182812856307
0.8604136042824725
0.8400372161482844
0.847191797654617
0.7962756839631938
0.7797440667278388
0.8636595884589059
0.7814524276916621
0.824489053783088
0.8961653549882564
0.7989472850340624
0.8431253658406392
0.8245336240913596
0.8570375809220249
0.7741721834638247
0.7876314289432538
0.8068900232556395
1.0044039969350929
0.8062474819050188
0.8704671510720958
0.8298025480173613
0.8181270494135331
0.867724367370185
0.8072080888085839
0.7805872156059763
0.8616086889659655
0.8908723545144289
0.7700352230586189
0.7892270384545128
0.8155090725661457
0.8576249097822579
0.8611116116127672
0.8359291429530523
0.8365772668843101
0.8042112437552029
0.8036118388800623
0.8958303695170463
0.9497983452982943
0.8175263582448972
0.801556582539425
0.8004692311030485
0.835566627131479
0.8036073865370283
0.8972514599632777
0.8895848093000462
0.8380947503512624
0.8312814793811671
0.7765948665904997
0.7930434562231995
0.8893696723150016
0.7839515884596402
0.8408556229022038
0.9282257433110886
0.7785929257828008
0.7885576385447263
0.8709424791232676
0.8493244471310338
0.8732706259600028
0.8450538461818928
0.8415715618850778
0.8466739378600324
0.8782613845856209
0.8964655400901541
0.8269489763700618
0.7915985930425316
0.8244067088619336
0.8222555721155228
0.959273681163113
0.8742472783232218
0.8210235742424902
0.7934273699215606
0.8319690068998123
0.8708011979296423
0.8082896011910745
0.8645846243449935
0.7815037149277536
0.8040045790274241
0.822131841972434
0.8946280008833619
0.7665269443385816
0.8541075149779792
0.8566452909396766
0.8645659305488903
0.930713551054959
0.7806243146378704
0.7953505446603862
0.8810745182294611
0.804466362795855
0.7993909913006574
0.7801953376008007
0.884409036202488
0.8165873144911433
0.8519424506582317
0.8609582528095527
0.8562986339381785
0.9787259172587423
0.8391441136820279
0.9763057970577066
0.8688374280053034
0.8819161847133409
0.9060132989129295
0.8080152347279008
0.8073030531813873
0.8939857511625806
0.9003070987568406
0.8207008394732912
0.8196755034622218
0.7922556493728198
0.7933204991429801
0.7842457682060919
0.800366307379102
0.7613712650824054
0.7726907806029675
0.8720406537008507
0.7758791792587022
1.0003480121229824
0.7760928907534074
0.8211652315341327
0.7736774333301487
1.0690683900703635
0.8443218190480584
0.9125067319553797
0.8534386902244567
0.8812718509639363
0.876853485941928
0.7926765954837154
0.7752309480535166
0.8970932958649445
0.974401593713751
0.7868012092213883
0.8163830972455023
0.8342577256456901
0.8372735284445633
0.9327625660933976
0.7944663029353343
0.9766107801948893
0.8770673855187423
0.8025401005048273
0.8177539453408917
0.86588559881145
0.7864672013208334
0.9116314364755576
0.9121847998351795
0.8109621004866066
0.8327779454750702
0.8086367567375686
0.8205934293788264
0.7820981406135487
0.9256884310514414
0.8704100754069093
0.8476542246126363
0.8688552077830944
0.893284576075945
0.7657983522670075
0.7967145723006371
1.1179084420818586
0.7850487115342756
0.7836797024772636
0.837207674112709
0.8190207818500542
0.8108400384365063
0.8806983868657703
0.8109979168933006
0.796286635089659
0.8331215365525929
0.8122850962913074
0.8760335100927852
0.9271958889525297
0.8302192014837964
0.8640890283892008
0.8417416524267562
0.9199086851619153
0.8244960473971447
0.7897935491845232
0.7881254704278949
0.8761326305796455
0.8294459204933411
0.7839303897885399
0.8592422833034793
0.838328437966776
0.8149927982936487
0.7770307755367972
0.7998773157382052
0.8322381100681097
0.8737972242437516
0.8183684792899469
0.9353588674050539
0.865353794377664
0.820831385192389
0.826805443342081
0.8023181968822184
0.8340109443968436
0.9034741851825783
0.7717803957642911
0.8091016352083104
0.8332740597152664
0.985258398432987
0.7909744002711874
0.8391501713241183
0.8355996563217241
0.7959717183869978
0.8638984751285907
0.8068424232300243
0.7910847222596065
0.8707528029442493
0.8708323209661938
1.0050166383164432
0.8986325098377683
0.8783017902342767
0.7764317892534714
0.8772558276634153
0.9750365939048498
0.7751167037740148
0.7848800292175514
0.8769905772981245
0.8359839259152104
0.8036278756155482
0.8275561289107144
0.9369557093884819
0.8825039679647388
0.7762936087297791
1.024004074291219
0.8274736768253583
0.7942789799303849
0.8133028182931682
0.8626810594954551
0.8492187327064955
0.9250510982298349
0.8241824725053031
0.8779799089350806
0.8512485312397999
0.7801888618763035
0.8050450901163795
0.86415950108725
0.8247410818951888
0.8922192014161241
0.8865336615763025
0.9314651085804279
0.8816854363478471
0.8243156942687336
0.8713850952546873
0.8376508643257775
0.905428176073912
0.8379088358884383
0.8506838274658174
0.831562029295435
0.893068098348793
0.8023907107213069
0.8717300769185377
0.7796568039981303
0.7669477624253127
0.7940964710271324
0.833528578784005
0.8041587410547408
0.9262221675234035
0.7846590657862634
0.8950239389157544
0.8201186902202481
0.7796290267819005
0.8144658554955923
0.892350392493415
0.7685573238585143
0.8193075986030081
0.7974814468799463
0.7861082213942381
0.849451432928258
0.9205738953729338
0.824032022157622
0.8657823020359923
0.8818345335525456
0.834580049774378
0.8151652076188518
0.7907479465483309
0.8285504553299147
0.8597590189408224
0.8656386276950259
0.990571696140886
0.770408670466983
0.8075434224406788
0.778410676872332
0.7840207786855306
0.8737654738895381
0.7826194578303312
0.9086265450637013
0.838401377481599
0.906220632727687
0.7830546841172279
0.8276058738385514
0.8447763050285806
0.9182311434822877
0.7755341876775738
0.8160916395650237
0.7964199776499205
0.8650814752568756
0.7757297722922543
0.8011812085038622
0.9563847600824846
0.8266900720409293
0.870156624092439
0.7894340477663455
0.8751498765570174
0.8068881412378978
0.8076167930637254
0.7929332580292702
0.8205677119144396
0.8371414370819128
0.7606435333920778
0.8351987937217138
0.9012076709967314
0.8080468596489216
0.8130123927884261
0.9025680784048747
0.793624907723537
0.835282381345972
0.8043799781756177
0.8725016110782579
0.8843152308725108
0.7986187926305633
0.8950578967583286
0.8657112715579419
0.7640126546052143
0.9323259134276446
0.8761260528207038
0.8970950475358862
0.8908659156560507
0.7936903615993814
0.8148152323062834
0.8453797364007541
0.7832587960784977
0.798395952628122
0.8045198780201637
0.8718558244002335
0.8238645628277257
0.8049604541132688
0.8115849992404853
0.9771997898681402
0.7950469031728284
0.8759878858699857
0.9529152346171097
0.9012136053589317
0.8445328248446631
0.8657704619480651
0.8773005466284198
0.818515667297673
0.7807730529105974
0.8538140593232165
1.0087566927922742
0.7797534652380629
0.796736416491834
0.870417152751303
0.8424460417535167
0.8691712888204735
0.8685359790018827
0.7927175273318933
0.8044097890767586
0.8436375244306539
0.8982902483826377
0.8369935924078559
0.7785010978673867
0.8225169086605825
0.7904949626349734
0.8298992669904637
0.8303632940484827
0.7875345541519188
0.8228499457098085
0.8497495879593598
0.8301646567381988
0.78172654978657
0.8467782059781975
0.9319613132204253
0.8863262376952821
0.8838254394902678
0.7814283028016826
0.8919378943626428
0.8873646731744806
0.804654947486138
0.9133841559668994
0.872821565124549
0.9468947894643973
0.789898188608578
0.8014003227370724
0.8862990422861917
0.8200165632431087
0.9585153494350371
0.861479021861418
0.892797444654251
0.9144744529035467
0.843546921108474
0.8461479583071965
0.8050723044751703
0.8882742642182678
0.832740830792317
0.9361227175606549
0.8864080900030664
0.8056399991403446
0.92180686759157
0.7717187799803242
0.8651424195996456
0.8446059542683106
0.9050914621583689
0.8388599304947164
0.8201964631850097
0.8388612920811763
0.822609593423615
0.8799466343142711
0.8223887783031071
0.9293725941036788
0.876087285470455
0.8183765835201575
0.833382882203771
0.7946668234452451
0.7908334695290307
0.8845921791879574
0.8851523770184432
0.7905553551066545
0.8790981959002373
0.8152107949863634
0.7928568836619297
0.8932352044840683
0.8271993870568997
0.8316513239963849
0.9038477327087848
0.861706353400038
0.8463644342388589
0.816036278128792
0.8136748908907527
0.8639287232044833
0.8694646507436785
0.7851409616245372
0.7975803502830651
0.8894634978180704
0.8192508029701732
0.7737500770152017
0.8014743116002414
0.8372759392171634
0.8336075274170848
0.9548430723821822
0.7913231185064733
0.8012808200931483
0.9030889612437193
0.9355311763720116
0.8442023153403989
0.7919166808058469
0.8461370140577364
0.8941797630337459
0.8446914769208411
0.7986240554399963
0.9518641541708986
0.7944181993765896
0.8209352991030474
0.7860744136081227
0.8076151917612182
0.7736601811019476
0.9212337894418873
0.7937168443650776
0.7816188291553461
0.7826439447517787
0.799893768957881
0.7909706525310867
0.9907901867250468
0.8727621997206201
0.8957136714566097
0.768670103323099
0.8363225409894506
0.8349098653731619
0.7793810408315078
0.7947984386787479
0.7893582301903028
0.9321893596140672
0.8184257192918731
0.8400452478156955
0.9943481481007777
0.937072251068749
0.8575831255839269
0.7839706578334177
1.0041972256838068
0.7908370736834615
0.7880906920626582
0.8657960745515063
0.7848004779822095
0.886865934417484
0.9281579298776946
0.8339281739921082
0.8031418992839279
0.80893568223155
0.8641503244921243
0.8861409358656525
0.855931097462577
0.7867794392430802
0.771376770774778
0.8344822480745067
0.7793515203094982
0.7770937371326648
0.8023608159957737
0.8674927261808908
0.8642751251511049
0.8324661394237773
0.8547499757025026
0.9935743197878674
0.8972772291393029
0.7801319642459235
0.7945412959279969
0.8195148074251367
0.804796965496777
0.8428852372754037
0.7857111025193677
0.855457760916341
0.846682596363207
0.8488076939174924
0.7922516066550969
1.036412391960327
0.8080861262374376
0.8827124959848103
0.8291636109239292
0.8111645850823865
0.8016453979256303
0.80157111465061
0.7857025121228489
0.8946749678659855
0.8796962950644022
0.8159975599459182
0.7943792675171955
0.7712744533114968
0.8096326781258584
0.887814444355378
0.8593209845752044
0.906603642043142
0.8211359740072165
0.7913368444216831
0.9886044452222286
0.8154156415824345
0.9240896727657006
0.7738093551214227
0.7867120014613102
0.9013160230759967
0.8616747501266988
0.7839321353723459
0.8045244785231291
0.8513497836443411
0.8567264844007445
0.8132144100030573
0.8142734298484319
0.8061452118423218
0.8407289211251453
0.9937132263864574
0.9072133494572845
0.7810280580070382
0.7838502878353637
0.8312127342186212
0.8076037039203933
0.8817647989225427
0.7743251419323256
0.8025111148527474
0.9233031858499441
0.8154026585164329
0.9405430611346612
0.8307357845624997
0.8298447581560425
0.8094882586282971
0.8726748994200783
0.8979281014025702
0.7809971932395978
0.8862952738004914
0.792370514522964
0.8055984073026656
0.7908066715475415
0.8395111078133053
0.8777326789524218
0.8218877463097141
0.8455771665281007
0.8520821325166922
0.8246213263020581
0.8354412123050919
0.842856650227233
0.8323254678312202
0.9332058372031753
0.8580704526438134
1.0086195251900023
0.7755000671045504
0.8210503868645277
0.7911837916519073
0.8476828923675915
0.7663180576263607
0.7868963772189599
0.8167896544196709
0.8009682320162381
0.8598642292492988
0.833377631644043
1.0637528189926235
0.8727621997206199
0.8226064349001234
0.7967853058452424
0.7936216151035794
0.8319233286842515
0.8586190764529578
0.8208646118994245
0.8834102589406787
0.8720298617220302
0.7855965665668456
0.930586095007726
0.806088336461172
0.8617751377798131
0.971748864910933
0.8297124017419943
0.8521875858257103
0.9622512002793139
0.7593022589618094
0.7911326823020514
0.8466069814293691
0.7843872459350234
0.9523324531074953
0.8759291965113459
0.7897510464418164
0.8609810691720904
0.8278618738663724
0.7841045155662623
0.7741891627700523
0.8430262566224426
0.7959247325210161
0.7733633609974385
1.0021616453830582
0.9431689375519713
0.948736932122958
0.7938573452083167
0.7988041578042072
0.783643320313471
0.8393931339137033
1.0559003784005951
0.9381828934629511
0.8839769038021513
0.818140846670344
0.8021258891188766
0.8295362231728287
0.8057411841271986
0.799854789990806
0.8849435383777875
0.8571884607764889
0.7965565139555268
0.7796447039091496
0.9037458350755867
0.7954745319040482
0.8632040890389235
0.8367926792930189
0.9374294333463736
0.8535297866257429
0.8883463506429293
0.8489803676958115
0.7828952348516784
0.8700612547646199
0.7767208798650483
0.7676104276228183
0.9295745214173707
0.888240775137464
0.8203543327522285
0.8445395774544461
0.7961975020588717
0.8830982699509854
0.8697109196502816
0.8529528561833238
0.8372745511161641
0.8650070395322569
0.7773232393095793
0.8460437091252072
0.8438687084634122
0.7864102594493219
0.8185191153119494
0.8184294158792772
0.8269072089841369
0.8438687084634137
0.8032427366193186
0.8816250097802765
0.8085748911865541
0.8739833535934376
0.7934993551885684
0.8429615726155822
0.7784022668630922
0.8142707360629313
0.8209979555429316
0.9333411186728274
0.8397452660376098
0.9055360336138603
0.8237431983854814
0.7750229683347266
0.879749133654648
0.8164518989443792
0.7859843509206593
0.831712429501547
0.8337676033757656
0.8264278857117929
0.8345790596171749
0.9989990688925561
0.8157420721558235
0.8694257277492495
0.8668737222887967
0.7780158479466343
0.8415007168558456
0.9426130385007027
0.8455441955729209
0.8547510024594326
0.8690043535115771
0.7727421293386859
0.8118630374122215
0.786905485066738
0.7676059864671998
0.8184634114497618
0.7774472232494293
0.7900400555053138
0.8569257652490848
0.8375996078970422
0.782547860665433
0.7917753802594032
0.7763162930418013
0.7948216817634018
0.8283624451918246
0.8088858603923901
0.7798293041876259
0.886075794410971
0.8046102697152173
0.9355875940271131
0.9661992817897305
0.8673381247898821
0.7850828870505786
0.7749139111306065
0.8310091032754403
0.8964520258340709
0.8364256890496156
0.8899074435724346
0.9886044452222279
0.8672442613354846
0.8835718745676422
0.8725090311627764
0.8293823480154394
0.8012309755672153
0.8479967575358833
0.8616861840243167
0.8398377879100527
0.7881692829232504
0.803577843957741
0.7794396319846308
0.8373120389500387
0.7705611030426278
0.8472309361387907
0.7705271483188525
0.835436041529463
0.8026611668223407
0.7804554911193992
0.7725907044455317
0.8038351835629386
0.8648039724985203
0.845342896277656
0.9273713673546126
0.8750848970831783
0.7780940943972903
0.8004646345688042
1.088468311691567
0.8254983456899263
0.8491938558874191
0.770536212046742
0.8285599265679656
0.8775087690227952
0.8294034004492294
0.9215415872451945
0.8850353836946507
0.7991514352253092
0.842527659447146
0.8265413828268505
0.7794333019216307
0.7881779897999015
0.817759266642484
0.8221316969349677
0.8723760847326052
0.9721898802400843
0.8841862767678967
0.9286883203210503
0.812868623093497
0.9600612095973448
0.7913619527604284
0.8045956452260246
0.8001225808145636
0.8030280912132457
0.8381446891788994
0.8557050258128521
0.8351218978474211
0.9011305244710954
0.8146909592468975
0.8046036122272919
0.793551062637461
0.7829995755717103
0.8345865584447145
0.8965841674511889
0.8225134641747023
0.8169145797876658
0.8444613748959326
0.8692612679668109
0.789237423871707
0.8272441162157449
0.7954126434822472
0.7932475974696391
0.7894586359134894
0.7895536048758998
0.8879294565154244
0.8504580153288666
0.8839839554310007
0.8587702573200924
0.804647263032952
0.7917949610828289
0.8293429946266725
0.8871754374497747
0.795274228942179
0.8515512787951653
0.784451503163566
0.8082366853485617
0.8325788885109975
0.7943234042708325
0.7814102464924918
0.9974511253545085
0.7743868720058704
0.8414370244536822
0.89511061256371
0.7764825275463277
0.813147800796578
0.7733397254655712
0.7821410716630047
0.858451000081191
0.7766312129526499
0.7869297789222206
0.8623658746185336
0.8663890126946404
0.775609000256259
0.8721385703264178
0.7767276085870716
0.8180441511222574
0.7971896235851571
0.8157459888809329
0.8480868572978422
0.8533292252812055
0.8813407889721372
0.8415159172242598
0.8001114678858345
0.8919018553073099
0.7740705871019068
0.9633149595767776
0.8293211914765446
0.9975735294816932
0.951644487011873
0.8822444668648394
0.852733591651818
0.8256068154674788
0.7915107320728134
0.7833699360004414
0.8943458251642795
0.8419747152791017
0.7916594219336487
0.7803684838980339
0.857184249349167
0.8349734178759635
0.8211768671094134
0.9164174683363172
0.7760518698951245
0.7881068426917072
0.8347105278249811
1.185308045405066
0.8529363374794053
0.7972082242074401
0.7765771889366938
0.8386589393513123
0.887372544271997
0.8062568404172522
0.8319677726415471
0.7715379120812664
0.856390075317051
0.7679571610138552
0.7889669419627512
0.8728431279886855
0.8303316142450009
0.7850467006454549
0.8326969230612307
0.7862390119166228
0.8526496025484668
0.8417428540712005
0.8312376363920255
0.8840891138454775
0.8491641316416612
0.8298182274526553
0.8098200690803672
0.8196600807584283
0.8455608801568396
0.9088148709403382
0.7760855609818509
0.8769382050981044
0.7710013262420718
0.7693213146874954
0.8587170113614925
0.8612953973449314
0.8538763351167463
0.8415817497727381
0.8327286647277866
0.8940775331625577
0.8947270565714617
0.7816972628454147
0.8091269198712561
0.7968052658853737
0.8803640427726432
0.9009835317300655
0.8730879446799504
0.8260419115298809
0.8583684958391644
0.8523694539838487
0.8443814979971864
0.8071784359794442
0.8101757265054021
0.7805831871772438
0.848844901645429
0.8290356676869108
0.8694248170726746
0.7870380939587639
0.8150497693637025
0.8544855359383764
0.8315948348331739
0.7917253899588452
0.8699994458701762
0.808211388571051
0.7807704668358728
0.8408528387753408
0.8044705512160524
0.9152225362256695
0.97524863551227
0.7894377606677427
0.8883304720086365
0.8528807855494742
0.7972125466773344
0.8201556183089962
0.8935228881330312
0.7901026772248433
0.8760632921308744
0.8762933017401455
0.873652581685115
0.8289848625264193
0.7873779101149471
0.9622214663506911
0.773709121638556
0.9215233708702629
0.7955969928113276
0.8337668638416038
0.9251917493373559
0.7791983329263964
0.7943745449834058
0.7864164964459831
0.8389063029388526
0.8274813901288343
0.8503674178889538
0.8001336967931301
0.8230057573202029
0.9490793356722078
0.7904903404428077
0.8853740847269321
0.9404831069681849
0.9224807483038641
0.836023483970222
0.8895626884689736
0.7616935554086024
0.7649387669056321
0.8591109708035289
0.8840553845300025
0.7788317824353093
0.7841999760596375
0.8336770080076406
0.8227803055868672
0.8148808733415719
0.8069101505207028
0.8050274442217098
0.7707498600469284
0.8722386957237354
0.779426507889692
0.8242281109638941
0.787634449244213
0.86918805191663
0.788513983951179
0.8724958807252094
0.7781344013335456
0.8419692608638881
0.7925826718730267
0.8871380460063522
0.7809186311864718
0.8783118442093476
0.8549788856843579
0.8261026486959769
0.861616953306336
0.8046725023746405
0.958323285793018
0.8400380344770633
0.9422392806979301
0.7725471249621039
0.7874127007063861
0.8757758291618265
0.8109993558263251
0.918900020810746
0.8821380110997964
0.8142923337408924
0.8592441201624402
0.7685512695379507
0.8369563319152717
0.7989314038048771
0.7925826718730264
0.7899909764561308
0.8472460165101262
0.7781287355113338
0.7753076543910261
0.8238076456201284
0.7720122998074005
0.8046367468584666
0.8148672108364559
0.9063996843931971
0.7992708266952475
0.7875552349239904
0.9912072155886641
0.7991157320777402
0.9082441234660664
0.8343817228939037
0.8282827259176226
0.8481130619738023
0.9807202591406207
0.8476054746574988
0.8286479695625049
0.8197361375401107
0.8655748779632456
0.7792010369973102
0.9160228754200808
0.942357136148283
0.8383987552556927
0.8689416868200975
0.933018894264044
0.8047997325195644
0.7921236235213911
0.8396848798049327
0.7731752316176984
0.8429567845360239
0.8342744311297059
0.8389236237778548
0.777374569795272
0.823996362894029
0.9243142664177737
0.8185560798169678
0.8562009194777048
0.8426887000651312
0.952940343268715
0.8255330444137312
0.7840607976135043
0.7850639904057876
0.8238054422190325
0.7847603592902135
0.7737295455819552
0.8081731787542588
0.860532089606142
0.7878503350284263
0.9127885155902002
0.8270080860962468
0.8750590252330517
0.7955628228828366
0.8962843968070087
0.8755894050653557
0.7739173684347795
0.800151891203296
0.8315748228905889
0.7798622729904117
0.7654518549227628
0.8486380053132477
0.7830830956793383
0.8371870211913258
0.7913313600045653
0.8189942246067765
0.791750930188201
0.9568868352412598
1.0528347465003347
0.8685987044601845
0.8959647640068692
0.8003108810005747
0.8664830813202639
0.8691246116740494
0.8420204106425836
0.7873988843117348
0.8281572108767059
0.8021966846103893
0.8147049416417729
0.7776366000516298
0.8735894082346489
0.8790589919057503
0.7981756726897856
0.833385798247262
0.808580731437626
0.7869612907439175
0.9436352108312726
0.8183599568922322
0.8340294833972982
0.8943364194618645
0.8418537790105358
0.7939387307695367
0.8253969396231864
0.7797759370304282
0.7659101654665695
0.7892354402190639
0.8349708956511149
0.8283804557251743
0.8510581440587841
0.825842135662281
0.8475701223350979
0.8009960555666719
0.7657310772378743
0.8470689443092635
0.797219151206664
0.7834343455160981
0.8283557116520344
0.871672669573039
0.7835743188137235
0.7859357787537432
0.9185323261760975
0.8461967266041271
0.8346954001976282
0.7956201807239021
0.8172206071576026
0.802227001867658
0.8261971441161519
0.8140851995381029
0.9169754106705496
0.8444405556105428
0.8419477721553955
0.8914573890327004
0.780027009853795
1.0563370455377123
0.8407191493880887
0.8651905697153653
0.7870955875921063
0.8592904946563895
0.7811176770161261
0.7689007735284558
0.7876423593681485
0.81609543343331
0.7774180927297029
0.8442933629459055
1.0356187299838122
0.8815002549672653
0.8237054523510606
0.8158485523583439
0.8225454394680295
0.9981649103451576
0.896960337458572
0.8167067265714087
0.7966498602015863
0.8013396409243217
0.8236376443880791
0.9595076144435648
0.7598531506277302
0.8660818529056906
0.7867302442394719
0.7772808024598317
0.816544757377023
0.8264356104883618
0.7614565652406261
0.8401084913326656
0.8706261385746341
0.8858220493560521
0.8893095492925888
0.7888399993269994
0.7805699259841875
0.8422231934143909
0.8409753764934241
0.8501527135395658
0.8570329742887028
0.896391111718473
0.8090862002459461
0.8094790517707983
0.774278897403398
0.7841751645321798
0.765397209761872
0.8321863225542685
0.7961264130621529
0.7725839171874822
0.8456507554358579
0.8334954555593921
0.8875178684066257
0.8544978786156802
0.8382350232536837
0.7835194509030706
0.9523658249743955
0.8371492194599193
0.8253067763652383
0.7895271205939373
0.8331634488871639
0.8072480194990402
0.8471195353583806
0.8268730313251518
0.8075286055245691
0.7812765038668228
0.7807169938044463
0.7890143750575774
0.866445001295679
0.7998459960868889
0.7670892498576719
0.8326530930505762
0.8332271060760822
0.8813101240433338
0.8424881500522884
0.8029870504773717
0.8736441393030218
0.7801699518433947
0.8193538958175098
1.0563087091020622
0.8550922334579267
0.8900705561508546
0.7918917630506731
0.8785378547209963
0.8408928348331182
0.8005895632320612
0.8469686816513269
0.8634697090074558
0.7866234763688796
0.9946012195364955
0.9102901010583853
0.7990429948755294
0.9048533177996453
0.8483395311866256
0.9276957216956248
0.8175647580454484
0.9055905425544104
1.0063699431328175
0.940733126582759
0.8702083033559171
0.865022546907571
0.7882488636349562
0.7920073290950141
0.8602412388582307
0.7784053325216678
0.8158888404074505
0.8501512703139503
0.7925903331901163
0.9672369627013092
0.7996432956072769
0.8635167456694881
0.7779545593286873
0.796791010145572
0.8516973204895303
0.7909088066616836
0.8753321041107442
0.7920035693297527
0.9398042050474323
0.8339226572338522
0.8417571117013345
0.8452884614679239
0.8196108714288961
0.8398381442826883
0.8288699084616322
0.7689824450647538
0.7954838980493275
0.8804917269163659
0.8642416286358297
0.8866691136421482
0.8361783065857468
0.8514278758385205
0.8506173758279114
0.8182286327272248
0.8900685736418703
0.856969931124212
0.8010924310471491
0.7581772666676972
0.9001720316752971
0.8552695288823964
0.848374240059697
0.8026074626987544
0.8553553585040405
0.7918567689168539
0.9880246776457928
0.9166261925223871
0.8380559831093205
0.7806470474660702
0.857572724619409
0.8957418760310855
0.8059897383409824
0.7965302671300679
0.8783530689210711
1.063788324545474
0.7842202553792532
0.7951585711276883
0.8589732457536876
0.7824398459866635
0.7874393585916726
0.7683649208833981
0.8582755587087048
0.7817018684774919
0.8235439954702396
0.785371209871325
0.8547511319218867
0.8989121303587086
0.9188468036179074
0.7687253973285849
0.7770880842754969
0.8014108004758308
0.7761232152939895
0.8483089460830704
0.8398326499957792
0.7886741292103236
0.847923901856775
0.8162218579149697
0.7911846622027032
0.8017407455486362
0.8858476635727287
0.8676848478884709
0.8974052942498978
0.8727500861016588
0.8871868571979121
0.8772269506959446
0.8617751377798135
0.8111441757762072
0.8550924896972519
0.8354510498635408
0.8598108794678024
0.8894953803744134
0.7945268718921041
0.8205303442494698
0.7835349725187735
0.7949667809991917
0.8036407790856359
0.8040976152738979
0.8859757279883367
0.7878854830683215
0.8738856064881496
0.9119476207726668
0.8350453112226526
0.8219822811269555
0.8185856041972602
0.8623983037530251
0.8768411502473076
0.7624616084120398
0.888313021878831
0.790377280522472
0.788859899043498
0.8659415577678312
0.8237655800974065
0.7863007854621906
0.8856293115384427
0.8839841925455871
0.9556977195225008
0.8373574138853933
0.8000967530538783
0.7879775492700947
0.8384013774815987
0.7781451631543074
0.8435422007463446
0.9058059318336273
0.7975200406417225
0.9020103684691889
0.8199187215306418
0.7929780068190818
0.875709580308557
0.7980075989108105
0.9312887419004271
0.8765815020660334
0.8779663615882919
0.8095113056929572
0.8134814034423444
0.8110715376448137
0.8212127900962959
0.8557947570522824
0.8465935179711491
0.7864749885304304
0.8000771694843736
0.8337152641636644
0.8954447365328165
0.7804334922443628
0.841511114787221
0.8416762844198655
0.8919655605146714
0.8374146346255833
0.946115859120533
0.8899809813545325
0.932969606029864
0.7647297612148419
0.8227221917294344
0.868015651466746
0.9218119772493553
0.8685796181060181
0.8063123266565942
0.7800253335226784
0.8664346168476595
0.8444884589989476
0.8611018443855889
0.8875991724434906
0.830717999613922
0.8634211206699275
0.8009991831973371
0.8675962772742835
0.8179466110177951
0.7769905118026635
0.8518650451104708
0.7880622737601617
0.780268700535494
0.8767061320416274
0.801931436903403
0.8006448872770942
0.7985677535594661
0.928082257310714
0.8974806681024138
0.8319038976865155
0.8687870566825481
0.7967144208779675
0.8236490006395409
0.8489746965298242
0.7923381234095305
1.0191140022981084
0.8865051331392365
0.8220958809555826
0.9163829064370261
0.792197129027218
0.8985429779494977
0.9241111669392563
0.8300506497253226
0.8721920748600942
0.8519583637418008
0.8201711465474336
0.813631830123836
0.824894432462395
0.7649410394144732
0.8357529591538255
0.8005856830461784
0.8521524503492014
1.1291918492404027
0.7988898899484487
0.8340294833972988
0.8627306427612327
0.896568741053023
0.8079266503766448
0.8306048018877388
0.8105977648256266
0.82046061255857
0.7841070552160831
0.8124604774329418
0.8489800655516275
0.9047776141969327
0.7846107061080869
0.9431689375519716
0.7712239321753486
0.8965751773815517
0.8655298926718399
0.8494782337842978
0.8286709359741531
0.8526604025368159
0.9462895696679412
1.0503856064909045
0.788937840036336
0.7820353806007824
0.9869635574501756
0.8552649938760843
0.7570624848580385
0.8797060495955962
0.788657083888301
0.7873052071899298
0.7825021971876921
0.8078993785006389
0.7824188738960699
0.8913701291263769
0.8250092179036453
0.8017272639171652
0.8564164221120338
0.919364831281919
0.9255312826961963
0.776872397241009
0.8203455408217201
0.8362009020566936
0.7998819921897435
0.7870965561329601
0.871840342461105
0.790912627769321
0.9125169631974648
0.9463517595347654
0.8844825671451776
0.8223393243907718
0.8057969340973441
0.8482493453571683
0.849109106853863
0.8717196166034051
0.8415105090413273
0.8249543034588319
0.9422630459426481
0.8713521228389434
0.802702220071759
0.7685368319457736
0.8370649209967764
0.8624772137413439
0.8721081705759512
0.9202096935629814
0.8720523250496615
0.8217725639806883
0.7749414508550446
0.8920907558447994
0.9482651549843508
0.8955757091531112
0.8464978590311294
0.9487343359919725
1.0741267323852681
0.8665793537989483
1.0058408543167918
0.8348095615764073
0.8023945063461462
0.8622401051821871
0.795533341426963
0.7769638954234783
0.8912713550374948
0.8283801086522894
0.8461476628955118
0.8012734322639729
0.8927616497668682
0.8570768036698273
0.8628363090948417
0.8099275936803683
0.9603289551792087
0.8805941583413227
0.8462889188671353
0.8732612612314461
0.8022386395817225
0.8338736420323537
0.8249114061695575
0.8135419727171249
0.8644998213159243
0.7943577680235967
0.8611645230165648
0.7854911497960996
0.8653662293011769
0.8388967457751243
0.7854653587734125
0.8171065737836953
0.8328417228683784
0.8653538783122816
0.9989990688925571
