0.9054908205904088
0.9283341093520444
0.9387528625585441
0.9719942097836
0.980724725294103
0.89520551705527
0.919495326205901
0.953052988193678
0.8804833540982089
0.977727276188176
0.9198288389771813
1.0156407640860243
0.9253309638486624
0.9782075920328837
0.8900967208988697
0.9228360300440958
0.9765976354133258
0.8927618079236225
0.8998720147891867
1.0161676211136932
0.9359796616903403
0.9119422983449101
0.9229815722233696
0.8945324265895513
0.9722614177069508
0.9120396572738196
0.9602909089784434
1.0397701346983297
0.9469803611320433
0.9472102654310565
0.9060885684663307
0.9293320339804035
0.9022432345492063
0.9029936251456849
0.9189341676668922
0.9621440371384293
0.9274777965107642
0.9251893138135127
0.9778281448489005
0.9601360494892238
0.9752151614934884
0.9851567049778978
0.9301377640369921
0.9626546820963827
0.9696285400243391
0.9836647916278751
0.9483530547863857
0.9346647988421698
0.9642525166225783
0.934234849122115
0.9724058918840248
1.0074171509367895
0.9044122822609839
0.9425204172951985
1.0535364557366382
0.9344821141040565
0.8965386647146948
0.9204445409392799
0.9299768980270243
0.9011737645853595
0.9971613566119475
0.9059297598777826
0.8943334899678902
0.9680340175445855
0.9424782241309172
0.9178294151126897
0.9194509266889032
0.960963535090187
0.9205112399286046
0.9044476574435173
0.9504370881287955
0.8887476950975799
0.887113273613923
0.9080786568620706
0.9195113353639476
0.9794268365035901
0.947713654067875
0.9577301326692824
0.8698075971163495
0.8881521901542182
0.9046419094387613
0.8949251572640373
0.9348620969228394
0.9943483806627181
0.9921180328286426
0.91084131985278
0.8827936099844887
0.8702743940293198
0.9215553405225791
0.9157838804853579
0.90519483187077
0.903709886211384
0.9444670511320347
0.9188412176752725
0.8842447524678865
0.9048298979906245
0.9196593351205888
0.9641447044277132
0.8933946507101931
0.9414809225384859
0.9228973040416649
0.9379140450975546
0.8987368182783836
0.9273763456869847
0.9476605216616191
0.9893005772041908
0.9077646702370741
0.8843462752624051
0.9218369987487299
0.9820747670316677
1.0066495766629853
0.9256336654532037
0.9242576667228249
0.9003562270909793
0.9796759851438359
0.9154895889603043
0.9062220916396603
0.9145955834162458
0.9658348681760829
0.9637464226367501
0.9351183253277364
0.9108853507739981
0.8829964168814879
0.9220219356241607
0.960755252962033
0.90710899446172
0.8819429759834365
0.953155779247537
1.012064908226183
0.9448133182772319
0.9407161165958945
0.9507850968140709
0.9190730131054909
0.9017477195301401
0.9142602817399613
1.0143107815627717
0.8943797312868599
0.9099588282703769
0.8924649734267198
0.9657648830405373
0.905651026438528
0.9741816085458208
0.9770759353358592
0.961791746674873
1.1613418401938245
0.9743560754721331
0.8946065016459653
0.9308482145097776
0.9278366094974795
0.9021425268105038
0.8720678294393928
0.9565706442834772
0.8997716587161613
0.9185244574160294
0.9535523269273478
0.9836896314996328
0.9021873471249591
1.0219081250930082
0.9313489036718134
0.9912443860320481
0.9422639708194438
0.9970187297692478
0.9142983969699973
0.9468588194638322
0.894927026447686
0.9372673253708583
0.9096185643326363
0.9683583664811019
0.897895805496845
0.9317909542386047
0.9383124428349174
0.9813188132794716
0.915332636646223
0.9062295657035522
0.9310732896087371
0.9777657811562384
0.9320025406733095
0.9468637248795634
0.9527306912146987
0.9217774238817468
0.8993161074280592
0.9251141442207184
0.9428778548850848
0.9572523846738306
0.9945869618973284
0.893262450864045
0.933188881348054
1.0363790496820136
0.8995704441854628
0.9622875009555819
0.9087680495968555
0.9043540457369291
0.9806865949785218
0.8975059856489725
0.8886243829012065
0.9535222163912729
0.9617217940265763
0.9314950367631464
0.8830482237325584
0.8708873861661127
0.9219294361101094
0.9030565465386332
0.9059638340208921
1.0135888363349401
0.9335133319990727
0.9452676898087046
1.0179468524297175
0.962757822110304
0.9156519527468906
0.9322882468989666
1.025099938308361
1.026668855597907
0.871063288261796
0.949948636066934
0.8780989649981581
1.0053080827245966
0.9527386045929794
0.9252037435074835
0.8718740736012238
1.0082469080531922
0.9383369254090395
0.9140895335609195
0.8899807021854512
0.9270831755071874
0.9103472267095561
0.928834558243001
0.9962727546067439
0.8866949271681006
0.9615831678383018
0.9359859701523378
0.90038458869994
0.9425770572383813
0.9272776392972096
1.0132479368583003
0.9316250985422895
0.9499080251289971
0.8948571766658902
1.0715260293223008
0.9182469324910187
0.8794478717035455
0.8790661758463444
0.9377733792715713
0.9818265280846724
0.9492037306150989
0.9122910237481219
0.9117713582006141
0.9252797054579922
0.921640728380947
0.9683677758504763
0.9238366988523475
0.9464906128577141
0.9667675573308566
1.0170663358378758
1.0092180117562501
0.9892173804160601
0.9955086193500856
0.9096315164162833
0.8891793819887821
0.9125463092121288
0.9097271520362193
1.0019701949875828
0.8901064581090941
0.9516062725795288
0.8966476246627549
0.9461048664384122
0.917407015891617
0.9133842149595021
0.9790440676941463
0.9749852526257811
0.901749911863843
1.0551970287359183
0.9320956890641289
0.9375466399135123
0.926200136491118
0.9768436498195342
0.9340458889945957
0.9026825528475657
0.9117223363047794
0.9233852626235695
0.9193055749462883
0.9342047292959598
0.9646985131529717
0.9096908418588872
0.8814768493870174
0.959409465364181
0.9221342951055087
0.8934572077120063
0.9176996242363393
1.0202526022977447
0.8975104214942337
0.9759329353390853
0.9378098586421431
0.9487162178436174
0.924588361620015
1.0181192532749177
0.9881693552820913
0.901988452898029
0.900017310942307
0.9327769798708008
0.9433100951810005
0.8827969031822802
0.938725577886567
0.9177493634921454
0.9098705344032947
0.9299376413433079
0.9999632534438507
0.9190449820455275
0.9353190803325817
0.9457261403456082
0.9373549418291106
0.9226704357272562
0.8877658984766262
0.918300220479964
0.9392101313463229
0.9659099600596334
0.9725469741942031
0.9625659180686507
0.880562798990913
0.8975463969897031
0.962360892781862
0.9169735188534455
0.9640943116107764
0.9711640113387695
0.9743375913696072
0.9201561969920885
0.9323508688252282
1.0187605808471896
0.8851468284847562
0.914716106392113
0.8937689863960724
0.9227819971628681
0.885020142112897
0.8764792577890175
1.1099978380313993
0.9873871826642717
0.9788922936498728
0.9669701401536042
0.9002689095772675
0.9733953382104825
0.9214114733751908
0.9464028136534125
0.9248532047982729
0.9862702569044876
0.9237890627864294
0.8959400038306045
0.9753020166612812
0.8734314912824593
0.9187701513401899
0.8681293954688927
0.9896624538986933
0.9842877101733183
0.8912269200093089
0.9167251092447092
0.9410475031328577
0.9320502135252073
0.9052003635226826
0.9638643870749968
0.8837691329683308
0.9211790565011306
0.965247398391591
0.9248185839628764
0.9027041646196111
0.8973262001496064
0.9695157608496446
1.008168348112609
0.9156998010486475
0.9467545934114073
0.9286242354799172
0.93036478656996
0.9143797167748116
0.9190638166924233
1.000621409116251
1.0291237411320895
0.9237262860980789
0.9298338812697818
0.8844623313327744
0.9200421506074048
0.9054129541102671
0.9537054668734295
0.9341780912378762
0.8823867135010179
0.87291472934973
0.9833923679065227
0.9136511099936293
0.9087076694722128
0.9161017478852329
0.9939968335008379
0.9542634480055527
0.9185731153056397
0.9395516479915529
0.9557602964954116
0.9546298026892517
0.9018827184284225
0.9080276366314701
0.9436686898687938
0.8767890804605697
0.9058843273830688
0.9377492212223595
0.901890944315483
0.9555097410559001
0.890797284784219
0.9632644564496354
0.9209562862495064
0.9829447569421443
0.9819786813209369
0.9043640309137881
0.9528964345886466
0.9108686588108899
0.914758129470962
0.8863582677302388
0.9522226806848351
0.9564526845048311
0.9466387829277708
0.8904960063864953
0.935303160778888
0.9219332326288004
0.9945697865739181
0.9696202087795701
1.0279726854313425
0.9190953380785448
0.9476667154782168
0.9281951801970572
0.9670209839252758
0.9440641590127993
0.9001455743678954
0.9048615266148193
0.8853722357424232
0.9559354196967114
0.9754214671998999
0.93092162080412
0.8910082343536858
1.0139984440151064
0.9189075930050283
0.928605587710705
0.9023535413144239
0.8828719959694121
0.9333548253721968
0.9066973223599194
0.8934544702528975
0.9142359616671091
0.9171397237739637
0.9215105658265931
0.9304012906067695
0.9850478167521158
0.9560760620868758
0.9393149009744298
0.8663020681907249
0.918744941578099
0.8865405860583025
0.976462674766253
0.9251030846321053
0.9618359579809717
0.936420097240158
0.9418603897957936
0.9446349695197811
0.9231568834836335
0.9407982420069063
0.9039494492533343
0.9215742378607437
0.8962364736545191
0.9577060426109159
0.9643286849341225
0.9097305225644644
0.9612607886304863
0.9159803488840091
0.9883189651529994
0.9123820054066554
0.9145978474898507
0.9606429585539334
1.0420835731955547
0.928356867059536
1.0134838138833613
0.9432009547191813
0.9406910722260542
0.9647297430756078
0.909556233540749
1.0327927780639894
0.9876500918660787
0.9655416818174556
0.936013025139686
0.9725250441538414
0.9889989731120382
0.8733533175292519
0.9154020414620782
0.9467410217093917
0.9678462102792094
0.9202728416028255
1.0375324303344402
0.9496951250040369
0.9794617315104625
0.8977885958176842
0.9014901788209919
0.905354059807296
0.9041683336995183
0.8878529262564647
0.9193365315732122
0.9115027708564989
0.9478545516928613
0.9373645212742082
0.927937538173534
0.9659616834258202
0.9158542435117235
0.9299479339623025
0.9990537918168759
0.9097768977956748
0.9000903455385304
0.90857960143917
0.9550025947288797
0.9393428030145632
0.9816949493394784
0.9518805937959117
0.8811154960282154
1.0041697239354115
0.9001733321189359
1.00082081602217
0.9468434559531785
0.8902974622936483
0.9646739557171571
0.9216776941078739
0.9141518038683453
0.9460138947478524
0.9114368172644993
0.956251097378119
0.9145919488384863
0.92191578855657
0.9494851532494054
0.911915733637434
0.96066491571631
0.9887229743178488
0.9530667007545198
0.8981208335612139
1.009564378158
0.999478112735318
0.9532699573169761
0.9522272319531513
0.9356650074827015
0.8854478409934006
1.0172845940481439
1.0159926866706104
0.9431319388336183
0.9198855946748853
0.9403783598857963
0.9130199031901055
0.9049677947617085
0.9218352729536745
0.9571491424168176
1.0403170888090036
0.8930242177888411
0.955738974163984
0.9265206014466236
0.9793605342332056
1.0412041698243846
0.9634043586537849
0.8691389627524388
0.9671752001058397
0.9378553701311306
0.9251671252233292
0.9245328327655219
0.8610044261714894
0.8955763387538579
0.9388124086869984
0.9873040661700543
0.9426220161829423
0.9251465612257652
0.9150956381003912
1.0869113786241953
0.9959990395972442
0.9581512799116212
0.8963115486536264
0.9411247733359414
0.8762249846911523
0.9027928867810756
0.8809988566981929
0.8779819453155114
0.9032090880690447
0.9732940449620981
0.8845827144715441
0.930363703279713
0.9081066340880288
0.924744710834392
0.878225091069098
0.9901523716429045
0.951281908177397
0.8866041162927136
0.9350088325000975
0.9043255728413891
0.9825430466176553
0.9034302074930243
0.9415972105145655
0.9632140256143027
1.033696433342133
0.9521689697636815
0.9699574630481689
0.9205463739063139
0.8980984828141667
0.9053600879105906
0.895055319208989
1.0274386036256522
0.9054508068464763
0.8952409572411485
1.0017500996334632
0.9743474441139417
0.9500464644433995
1.014741707830742
0.9207927725911221
0.8617118612318774
1.0325180620745615
0.982585103862925
0.9111257220925947
0.9457245662247485
0.917381950285387
0.9037805959868407
0.9675698796521961
1.0235929001928892
0.9293355914244419
0.9335272881715637
0.8828166996984927
0.9068730211664751
0.9091459305313757
0.9008258470361693
0.8995961942928719
0.9473986733472453
0.9466770453702361
0.9433477548360618
1.0013471373791898
0.8748053621629007
0.9418940100444453
0.8757886072028428
0.9333039614452141
0.8917287706335829
0.8776882756046047
0.911717965098827
0.9238470451197976
0.9080285042225018
0.9889838595310856
0.9466620353150963
0.8967803669031986
0.9291383570505575
0.9847732942945673
0.9641166772247873
0.9088760244946328
0.8654957881573725
0.8937047213001242
1.0305420080453986
0.9538831590404595
0.9569514484049914
0.911748868592923
1.0285106089801366
0.8882151528883387
0.921563223477522
0.9474201711424399
0.8905951728163876
0.9514643705330649
0.940255794371921
0.9788819411188051
0.8764227402852116
0.9374493294479759
0.92990986572903
0.9200624286281903
0.9252395976592521
0.9239359291590468
0.9515603783956725
0.9468315284658289
0.973173779039411
0.920474140333048
0.9702268510777102
0.9278724214255563
0.916895501416059
0.9053280303178787
0.9487322452603708
0.9168826442982396
0.9009998009396171
0.9347511606947336
0.8957765343531227
0.8905103392669956
0.9624473436331487
0.9245192019646401
0.9585826247433107
0.9182630194267387
0.9321719883747188
0.9369299905213374
0.9993506409626254
0.9573742534711938
0.8694154108957116
0.95004646475261
0.9809932995113407
0.9105909769315245
1.007387214967756
0.9175297118639072
0.911345519126628
0.9840502966976773
0.9380850043014504
0.9252138023235895
1.0102327057396894
0.9710411737217038
0.974988830751851
0.9348851060636961
0.91072682674357
1.0518664504291997
0.8981713975205813
0.9329303336918974
0.8733924024990766
0.8741815302983876
0.9348209899763671
0.9310792385699663
0.949527298451771
0.9498650030797829
0.9247254217078649
0.8990885703606509
0.9062770004290776
0.8978689098714658
0.9500713474394951
0.9168612532960188
0.9122837084530504
0.9923415698342506
0.9320033463926859
0.9618061385872039
0.9203166679763283
0.8957662335638829
0.8758876565622987
0.8990680244573159
0.9494655549333219
0.8998111177579139
0.9433869451605983
0.8951326356302772
0.9028785371160961
0.8931377697315158
0.9641303674591107
0.9432583370543318
0.9236905027362624
0.9088892466910747
0.8860608017239543
0.9277952586373955
0.9531276795955135
0.9114617820803392
0.9131476425855191
0.9187219372941673
1.0407294430007696
0.9029006497617763
1.0014052617371014
0.9297652424759856
0.9146865394477809
0.9682554857880191
0.9049175322717212
0.9313500487146108
0.9183363537674782
0.99094323181674
0.9399116938915492
1.016886066893398
0.8802923993520421
0.9276859585342833
0.9304346121669862
0.9173036614451155
1.0531890037290899
0.9131288380368133
0.8988501592970037
0.9166050643747773
0.9677434207586868
0.8986368424394263
0.9162546519483713
0.8959919189869938
0.9738834771365247
0.9319300035925748
0.9089022807048565
0.8935400066012318
0.9210996780481758
0.9108542155027798
0.9211689679471886
0.9504725586837841
0.931610042037902
0.9119960592970864
0.8904648774985431
0.9669366415796697
0.9978623174981369
0.9144023986390344
0.907955441550239
0.9058477317276269
0.9404341272823572
0.9688704826366464
0.8941163031989987
1.0192074923505035
0.988163191159757
0.9100126879104424
0.9616177404717873
0.8648117726155936
0.9584168067274449
0.9606953370606934
0.9173207548138532
0.8860403035594654
0.9503894969726634
0.9966220478632367
0.9759711386417488
0.9195684987948793
0.8793678871590757
0.9300444716992364
0.8983125141670179
1.01816009899485
0.9498927795484874
0.9643984853644826
0.896968263504609
0.9506961981375321
0.9030626746359325
0.9066269953468671
0.8777812046041968
0.8593514021612251
0.9206919335251078
0.9809658705627792
0.920510428067097
0.9935216502317826
0.900100739136387
0.9195489609659568
0.945556023914937
0.9044038941086499
0.9242280037713252
0.8946127135880922
1.0103965770313272
0.909723770368001
1.0034966881750718
0.9827555542019097
1.009513168194538
0.9248202803709861
0.9202506759562296
0.9269728727199495
0.9401870554467963
0.9202649626167845
0.9903623456360924
0.9339856555695388
0.9350185529712964
0.8940243132050315
0.9172379941738096
0.9161331640758185
1.0113886448670781
0.9973516137319195
0.9478784002301864
0.9018061862302904
0.9372288763842526
0.9234417506460363
0.9691546967023059
0.9389677280727511
0.9582427231579878
0.9122966195268696
0.8831204978386561
0.9185736817695468
0.8750641936113537
0.9415950193936028
0.8864327447203474
0.9437573571896821
0.9054783671142287
1.0044057565740472
0.9421137276213027
0.9069580716666308
0.9637248634586347
0.9761954940788014
0.9366576816106922
0.9180164513651344
0.931324992897455
0.8856036670524691
0.9224969709462099
0.9422196939900733
0.8785902746270324
0.9121949299201156
0.9183175625000047
0.903679352556901
0.8766342187225069
0.9093746674068341
0.9032143997969061
0.9142661080272289
0.9532013295087306
0.915486856306465
0.9675544623625659
0.9537723055760944
0.9885278098648116
0.9083951958758149
0.8809596956694834
1.0497892957364667
0.9297214771893284
0.9032210433035289
0.8907944289121011
0.9166922259643397
0.9629065933093041
0.9567244383177114
0.9052607512272827
0.9681128106089851
0.915410260173008
0.9058151559205077
0.891006260923279
0.9476868988437414
0.9388290660886212
0.9124605321010799
0.9357318528602313
0.9286537266866642
0.9110392484038079
0.956772123862522
0.9056039471226817
0.8888652486329788
0.94065767658926
0.9094470626613655
0.8953975755930483
0.9393619388006351
0.9118882008120209
0.9184468022785318
1.0025574138627427
0.9495806412604548
0.9741182477098435
0.9670646091093367
0.9236771737583186
0.9329526585071773
0.9763936259534305
1.0279139916907873
0.998244974236573
0.9603158261898422
0.9289969359995579
0.9216419297188511
0.9165556442596052
0.9269097491424557
0.956931169709906
0.9141003629086618
0.88654243330123
0.9935782129503504
0.9172698197811119
0.9436030794472106
0.9696555208907334
0.924568085121948
0.9780017146147995
0.960312710546158
0.8940389535754948
0.929990426408716
0.9458348593519005
0.9640253727216735
0.8713885047706406
0.923295824590817
1.1078106116617878
0.968671869856113
0.8831457021809712
1.0026719305435277
0.9087845489186659
0.8888888908040844
0.893488275620859
0.9970540787427467
0.9379179454776784
0.933966589669784
0.9086393755769908
0.87894818823796
0.8819142296926842
0.9237723375487223
0.9043774162455273
0.9981178257850327
0.9617049535977011
0.8988276097976229
0.9615987234370219
0.9690076875028545
0.9402948979454513
0.9477633971870281
0.9268246280357276
0.9266024450055441
0.9289307907714742
0.895401159539336
0.9595190688814585
0.9543565841358311
0.9660266108671871
0.9240715097401593
0.9839480678753211
0.903663937813671
0.8629576993138642
0.9360374764146814
0.9978365490725007
0.9498774621964676
0.9201794703153598
0.9172838037094
0.941433828490357
0.9058066445808819
0.8861152148059057
0.8960510882480137
0.9327792648123336
0.8860331062818518
0.927792685871674
0.8615949526035837
0.9285573414419448
0.9204062401202575
0.9075148663815088
0.9729339033003129
0.8948625151614004
0.9305336989450282
0.9183959831772306
0.9279828069237679
0.9096947962561852
0.9323351210469164
0.8927729196477956
0.9560718214659455
0.9034749517627727
0.9051542499834683
0.908545405130069
0.8966811710193648
0.917430483435231
0.9309633642478639
0.9977817377525131
0.8857344092198446
0.8827885189059823
0.9606642738346513
0.9446005224521713
0.924816710119752
0.9074110516653352
0.913555869519072
0.9256943499085479
0.9319327142173144
0.8862323061341861
0.9977481998035432
0.8832648025979642
0.9973557019062806
0.8990162088835986
0.9973643176011266
1.010413486465343
0.9326609757820293
0.9838742668696291
0.9444543317504324
0.9472259014561946
0.9794603403655872
0.9933560744407884
0.926860873832209
0.8858245543651867
0.97413511160556
0.9331071108685796
0.9718107189066575
0.9373391156961188
0.9493431464820364
0.9825870667563563
0.9453693481482986
0.9844683676067851
0.9215143317753385
0.9166546898606192
1.0318683795988042
0.929242540074372
0.9207188179679792
0.9784501427348599
0.9390814687164983
0.9502301254291687
0.9142549427782359
0.9398732681208974
1.0181777692173053
0.9239687741506355
0.9038735978151198
0.9175297835113373
0.9321545929716727
0.9422586760525546
1.0016685168401338
0.9303664692784712
0.9562053253028623
0.8879263556374044
0.9266212658776027
0.9273829102407305
0.9380870868905848
0.9526353605781915
0.9752958481615184
0.9910514704368857
0.9291270046929637
0.8907622669928702
0.921835214333041
1.075112647243494
0.9472545413636991
0.9253902265263224
0.952923211492804
0.8875493623987408
0.9316805983290166
0.9397412109229705
0.8935911979018639
1.0104868093324193
0.9098642660570196
1.0994665092964242
0.8968697415717374
1.0001493409525357
0.9225393543055
0.9461458873717509
0.9695678004887675
0.8998085319169505
0.9485537414228646
0.927149297771327
0.9662728061098294
0.980772609116814
0.9528509469084696
0.9403640880797713
0.9118976200240841
0.8825074363432238
0.9443605086351947
0.8985778228875846
0.9431323185420643
0.9511698069308291
0.9931521771647577
0.9650101205382031
0.9159755306544225
1.0289316743877026
0.8964118713456851
0.9098988002632261
1.0172695540334957
0.9097202786679378
0.9347235448041443
0.9817736268861156
0.939022041391977
0.9009987423902405
0.9488126519743822
0.88068529485033
0.9486934111021404
0.899739607146425
0.9264294807209473
0.9063372857915047
0.9385807100175667
0.9215624838209169
0.8914313008304617
0.9857323471259007
0.9790660748779615
0.9206444588204995
0.944606216026049
0.9797931148383253
0.9417582866851785
0.9335714597790462
0.9144542644328904
1.0265682362906512
0.9051576671233388
0.9159804958456496
1.0267011536725668
0.9554278041645679
0.8849691461819169
0.9551358454835408
0.9002794841353643
0.968622950467522
0.9442811142452137
0.9239682582064125
0.9613665504329912
0.9734210522357105
0.9624094064537453
0.9389263869494917
0.9130734991435981
0.9384839844559143
0.9220695113882377
0.8846956707604874
0.9449138363127669
0.9900576975583325
0.9803959009757894
0.9008639859223353
0.9180306852222683
0.9762979542018765
1.0522690617091701
0.9284507241193604
0.9642568478306662
0.9019581096975292
0.9174219929988583
0.9445501328620269
0.8815614619602193
0.9247173729254804
0.988490910671063
0.9252092535119499
0.9438138309134049
0.9145567084951325
1.0143210121484603
0.9360080792836708
0.9223396541881761
0.9196384889124298
0.916421989398639
0.9285114690539586
0.9015786624549917
1.0478049171633508
0.9146967846564482
0.9157842684101646
0.9362723611085874
0.949240358354575
0.9720317986336097
0.8827855715306344
0.9076336294131037
0.9535662674803914
0.9141833452396605
0.9747465401728743
0.8971317646814949
1.0602186941617724
0.9190585348666475
1.0734136154649723
0.9107219208300947
0.918633880212366
0.9622760846482857
0.9328114373259233
0.9357855260342122
0.9436029353862802
1.0793347524612817
0.8938630471246969
1.0238233706583348
0.9338305525088105
0.9392794999298103
0.9606904022004822
0.9383301766165076
0.8949051847982623
0.9263745071220678
0.9526627973550219
0.8775695726807763
0.8920235424620739
0.9210330988385853
0.9956167629183229
1.0065939575164942
0.9421480961917691
0.9087323403261297
0.903058946565226
0.9022825702287037
0.9781185015869929
0.9259948547462218
0.9282689550500833
0.9305644464917577
0.9662873184071731
0.9646405072934234
0.9409455804215255
0.9589064082667139
0.8965761387420296
0.9286166247556761
0.8950114861664448
0.9254673812824756
1.0216164364169062
0.9110344339997714
0.9788414428450531
0.9138296705925064
0.9063973108563468
0.9457983065159635
0.9088372524270064
0.9018205033226695
0.9277495295034218
0.9178700019307523
0.9415859229315684
0.9016023498964219
0.9689043808872181
0.9355126593784362
0.953332121582392
0.9080318651686545
0.912635859187675
0.9229794888094998
0.9846219646004039
0.9980307731544132
0.9132748361778115
0.9147767511978957
0.9078662182600191
0.999998947895546
0.9185402729200103
0.9268924782905694
0.9202651070056309
0.9377167318166929
1.0019863373980376
0.9184047309984366
0.9552601453968341
0.9685375197356924
0.9426170902384068
0.976631680138121
0.9898916798293402
0.9605273419016183
1.0166080431875522
0.9161317098677535
0.9328920303865483
0.9152949279582171
0.9980424610400453
0.977280509817293
0.8913579001963149
0.9541535428957617
0.9528157956175765
0.9845483378122916
0.9139614206138249
0.9396218231153085
0.9848542312713607
0.9615178116998799
0.9313918721503976
0.9046173559330398
0.9023048289736049
0.8913118423650409
1.0027961695001595
0.9449754073991364
0.9158750071944775
0.8935882487746669
0.9497125497759333
0.9459299263337723
0.904888711564359
0.8977241446403414
0.9187144592356439
0.976267291834571
0.8867495629518106
0.9573141629117318
1.0966880859058339
0.9273200333605662
1.0026106392767946
0.9740671359266729
0.9064150230276412
0.9601715922184086
0.9635142789561427
1.0864823515623914
0.8784092421376678
0.927615064238999
0.8863428194109118
0.9297077174934972
0.8751458365298784
0.864962382442268
0.9808300885323499
0.8909830045305689
0.9166781086683614
0.8811706104327822
0.9797640281118044
0.8916375713160628
0.9320575504763678
0.8637170903872722
0.9255146619160111
0.9028262132000068
0.8799705036993596
0.9059358432476519
0.8986744585927374
0.9716913884989894
0.8855700849093612
0.9368529659724817
0.95103656790609
0.8899114039767266
0.8986182577017297
0.8872634156570275
0.9224004295626362
0.9153651658057307
0.9039444325061371
1.0440116908600183
0.9099630103028677
0.9371160557176156
0.9230071589313762
0.9376640337231461
0.8970701906633017
0.9784517685244841
0.9249032090712171
1.0027340144970718
0.9301049313753439
0.9231523139408966
0.9242613075517871
1.0103715152889092
0.9421301996853927
0.8940354702437228
0.9258024360848047
0.946623283932984
0.9347202339782043
0.8806064334300437
0.9585849810647864
0.897135194637061
0.9948163275290971
0.9546559267498264
0.870341317231971
0.931652319606324
0.8974342796213792
0.8941187765004747
0.9687198634774311
0.8911464283615547
0.979019700887616
0.9003593419999142
0.9040229187980738
1.0015997216869985
0.9519593848365288
0.9307748401725674
0.9230328356925999
0.9406668721164935
0.8960003744985227
1.029489555361361
0.9758887962435863
0.8981966046162427
0.9493948140570718
0.9562648019207588
0.9478072782320097
0.9666365466960654
0.9767854188851162
0.946473014016268
0.8950266857249394
1.0386482818830924
0.9199477336901627
0.9229498979771347
0.9895809738297789
0.9202979745632195
0.9377753092842157
0.9386377910351759
0.9776468095411698
0.9997384403324343
0.9473564812332587
0.9588513174434892
0.8842515695553094
0.9413540734709004
0.9476566706064631
0.8868836973223854
0.8744046394508719
0.9196547622256194
0.9246130484151369
0.9260683729070651
0.8910971556518181
0.944666684116943
0.906479282736576
0.9026507587967458
0.8888606098678785
0.980347319399192
0.9231054809340064
0.9334734404423581
1.0147384447006769
0.9402926724535426
0.9506666551834637
0.8900582426447258
0.9576028109158211
1.0654043578226824
0.9784336985345613
0.9183249903870209
0.911675677926635
0.9593369524306434
0.9106212130550547
